Track,for,Rafael,2012
Date       Time (UTC)   Latitude     Longitude,,,
MM/DD/Year HH:MM:SS      (deg)         (deg),,,
10/13/2012 06:03:11     15.184 N     63.724 W,,,
10/13/2012 06:05:11     15.181 N     63.725 W,,,
10/13/2012 06:07:11     15.179 N     63.726 W,,,
10/13/2012 06:09:11     15.177 N     63.727 W,,,
10/13/2012 06:11:11     15.175 N     63.728 W,,,
10/13/2012 06:13:11     15.173 N     63.729 W,,,
10/13/2012 06:15:11     15.170 N     63.730 W,,,
10/13/2012 06:17:10     15.168 N     63.731 W,,,
10/13/2012 06:19:10     15.166 N     63.732 W,,,
10/13/2012 06:21:10     15.164 N     63.733 W,,,
10/13/2012 06:23:10     15.161 N     63.734 W,,,
10/13/2012 06:25:10     15.159 N     63.735 W,,,
10/13/2012 06:27:10     15.157 N     63.736 W,,,
10/13/2012 06:29:10     15.155 N     63.737 W,,,
10/13/2012 06:31:10     15.153 N     63.738 W,,,
10/13/2012 06:33:11     15.151 N     63.739 W,,,
10/13/2012 06:35:11     15.149 N     63.740 W,,,
10/13/2012 06:37:11     15.146 N     63.741 W,,,
10/13/2012 06:39:11     15.144 N     63.742 W,,,
10/13/2012 06:41:11     15.142 N     63.743 W,,,
10/13/2012 06:43:11     15.140 N     63.744 W,,,
10/13/2012 06:45:11     15.138 N     63.745 W,,,
10/13/2012 06:47:11     15.136 N     63.746 W,,,
10/13/2012 06:49:10     15.134 N     63.747 W,,,
10/13/2012 06:51:10     15.132 N     63.748 W,,,
10/13/2012 06:53:10     15.131 N     63.749 W,,,
10/13/2012 06:55:10     15.129 N     63.750 W,,,
10/13/2012 06:57:10     15.127 N     63.751 W,,,
10/13/2012 06:59:10     15.125 N     63.752 W,,,
10/13/2012 07:01:10     15.123 N     63.753 W,,,
10/13/2012 07:03:11     15.122 N     63.754 W,,,
10/13/2012 07:05:11     15.120 N     63.755 W,,,
10/13/2012 07:07:11     15.119 N     63.756 W,,,
10/13/2012 07:09:11     15.117 N     63.757 W,,,
10/13/2012 07:11:11     15.115 N     63.758 W,,,
10/13/2012 07:13:11     15.114 N     63.758 W,,,
10/13/2012 07:15:11     15.113 N     63.759 W,,,
10/13/2012 07:17:10     15.111 N     63.760 W,,,
10/13/2012 07:19:10     15.110 N     63.761 W,,,
10/13/2012 07:21:10     15.109 N     63.762 W,,,
10/13/2012 07:23:10     15.107 N     63.762 W,,,
10/13/2012 07:25:10     15.106 N     63.763 W,,,
10/13/2012 07:27:10     15.105 N     63.764 W,,,
10/13/2012 07:29:10     15.104 N     63.765 W,,,
10/13/2012 07:31:10     15.103 N     63.765 W,,,
10/13/2012 07:33:11     15.102 N     63.766 W,,,
10/13/2012 07:35:11     15.102 N     63.767 W,,,
10/13/2012 07:37:11     15.101 N     63.768 W,,,
10/13/2012 07:39:11     15.100 N     63.768 W,,,
10/13/2012 07:41:11     15.099 N     63.769 W,,,
10/13/2012 07:43:11     15.099 N     63.769 W,,,
10/13/2012 07:45:11     15.098 N     63.770 W,,,
10/13/2012 07:47:11     15.098 N     63.771 W,,,
10/13/2012 07:49:10     15.098 N     63.771 W,,,
10/13/2012 07:51:10     15.098 N     63.772 W,,,
10/13/2012 07:53:10     15.097 N     63.772 W,,,
10/13/2012 07:55:10     15.097 N     63.773 W,,,
10/13/2012 07:57:10     15.097 N     63.773 W,,,
10/13/2012 07:59:10     15.097 N     63.774 W,,,
10/13/2012 08:01:10     15.098 N     63.774 W,,,
10/13/2012 08:03:11     15.098 N     63.775 W,,,
10/13/2012 08:05:10     15.098 N     63.775 W,,,
10/13/2012 08:07:11     15.099 N     63.775 W,,,
10/13/2012 08:09:10     15.099 N     63.776 W,,,
10/13/2012 08:11:11     15.100 N     63.776 W,,,
10/13/2012 08:13:10     15.100 N     63.776 W,,,
10/13/2012 08:15:11     15.101 N     63.777 W,,,
10/13/2012 08:17:11     15.102 N     63.777 W,,,
10/13/2012 08:19:10     15.103 N     63.777 W,,,
10/13/2012 08:21:11     15.104 N     63.777 W,,,
10/13/2012 08:23:10     15.106 N     63.778 W,,,
10/13/2012 08:25:11     15.107 N     63.778 W,,,
10/13/2012 08:27:10     15.108 N     63.778 W,,,
10/13/2012 08:29:11     15.110 N     63.778 W,,,
10/13/2012 08:31:10     15.111 N     63.778 W,,,
10/13/2012 08:33:11     15.113 N     63.778 W,,,
10/13/2012 08:35:10     15.115 N     63.778 W,,,
10/13/2012 08:37:11     15.117 N     63.778 W,,,
10/13/2012 08:39:10     15.119 N     63.778 W,,,
10/13/2012 08:41:11     15.121 N     63.778 W,,,
10/13/2012 08:43:10     15.124 N     63.778 W,,,
10/13/2012 08:45:11     15.126 N     63.778 W,,,
10/13/2012 08:47:11     15.129 N     63.778 W,,,
10/13/2012 08:49:10     15.131 N     63.777 W,,,
10/13/2012 08:51:11     15.134 N     63.777 W,,,
10/13/2012 08:53:10     15.137 N     63.777 W,,,
10/13/2012 08:55:11     15.140 N     63.777 W,,,
10/13/2012 08:57:10     15.144 N     63.776 W,,,
10/13/2012 08:59:11     15.147 N     63.776 W,,,
10/13/2012 09:01:10     15.150 N     63.776 W,,,
10/13/2012 09:03:11     15.154 N     63.775 W,,,
10/13/2012 09:05:10     15.157 N     63.775 W,,,
10/13/2012 09:07:11     15.161 N     63.774 W,,,
10/13/2012 09:09:10     15.165 N     63.774 W,,,
10/13/2012 09:11:11     15.169 N     63.773 W,,,
10/13/2012 09:13:10     15.173 N     63.773 W,,,
10/13/2012 09:15:11     15.177 N     63.772 W,,,
10/13/2012 09:17:11     15.182 N     63.772 W,,,
10/13/2012 09:19:10     15.186 N     63.771 W,,,
10/13/2012 09:21:11     15.191 N     63.770 W,,,
10/13/2012 09:23:10     15.195 N     63.770 W,,,
10/13/2012 09:25:11     15.200 N     63.769 W,,,
10/13/2012 09:27:10     15.205 N     63.768 W,,,
10/13/2012 09:29:11     15.210 N     63.768 W,,,
10/13/2012 09:31:10     15.215 N     63.767 W,,,
10/13/2012 09:33:11     15.220 N     63.766 W,,,
10/13/2012 09:35:10     15.225 N     63.765 W,,,
10/13/2012 09:37:11     15.230 N     63.764 W,,,
10/13/2012 09:39:10     15.236 N     63.763 W,,,
10/13/2012 09:41:11     15.241 N     63.763 W,,,
10/13/2012 09:43:10     15.247 N     63.762 W,,,
10/13/2012 09:45:11     15.252 N     63.761 W,,,
10/13/2012 09:47:11     15.258 N     63.760 W,,,
10/13/2012 09:49:10     15.264 N     63.759 W,,,
10/13/2012 09:51:11     15.270 N     63.758 W,,,
10/13/2012 09:53:10     15.276 N     63.757 W,,,
10/13/2012 09:55:11     15.282 N     63.756 W,,,
10/13/2012 09:57:10     15.288 N     63.755 W,,,
10/13/2012 09:59:11     15.294 N     63.754 W,,,
10/13/2012 10:01:10     15.300 N     63.753 W,,,
10/13/2012 10:03:11     15.307 N     63.752 W,,,
10/13/2012 10:05:10     15.313 N     63.750 W,,,
10/13/2012 10:07:11     15.319 N     63.749 W,,,
10/13/2012 10:09:10     15.326 N     63.748 W,,,
10/13/2012 10:11:11     15.332 N     63.747 W,,,
10/13/2012 10:13:10     15.339 N     63.746 W,,,
10/13/2012 10:15:11     15.346 N     63.745 W,,,
10/13/2012 10:17:11     15.352 N     63.744 W,,,
10/13/2012 10:19:10     15.359 N     63.742 W,,,
10/13/2012 10:21:11     15.366 N     63.741 W,,,
10/13/2012 10:23:10     15.373 N     63.740 W,,,
10/13/2012 10:25:11     15.380 N     63.739 W,,,
10/13/2012 10:27:10     15.387 N     63.737 W,,,
10/13/2012 10:29:11     15.394 N     63.736 W,,,
10/13/2012 10:31:10     15.401 N     63.735 W,,,
10/13/2012 10:33:11     15.408 N     63.733 W,,,
10/13/2012 10:35:10     15.416 N     63.732 W,,,
10/13/2012 10:37:11     15.423 N     63.731 W,,,
10/13/2012 10:39:10     15.430 N     63.729 W,,,
10/13/2012 10:41:11     15.437 N     63.728 W,,,
10/13/2012 10:41:19     15.438 N     63.728 W,,,
10/13/2012 10:43:20     15.444 N     63.724 W,,,
10/13/2012 10:45:19     15.451 N     63.720 W,,,
10/13/2012 10:47:20     15.457 N     63.716 W,,,
10/13/2012 10:49:19     15.464 N     63.712 W,,,
10/13/2012 10:51:19     15.470 N     63.707 W,,,
10/13/2012 10:53:20     15.477 N     63.703 W,,,
10/13/2012 10:55:19     15.483 N     63.698 W,,,
10/13/2012 10:57:20     15.490 N     63.693 W,,,
10/13/2012 10:59:19     15.497 N     63.688 W,,,
10/13/2012 11:01:20     15.504 N     63.683 W,,,
10/13/2012 11:03:19     15.511 N     63.677 W,,,
10/13/2012 11:05:20     15.517 N     63.672 W,,,
10/13/2012 11:07:19     15.524 N     63.666 W,,,
10/13/2012 11:09:20     15.531 N     63.660 W,,,
10/13/2012 11:11:19     15.539 N     63.654 W,,,
10/13/2012 11:13:20     15.546 N     63.648 W,,,
10/13/2012 11:15:19     15.553 N     63.641 W,,,
10/13/2012 11:17:20     15.560 N     63.634 W,,,
10/13/2012 11:19:19     15.568 N     63.628 W,,,
10/13/2012 11:21:19     15.575 N     63.621 W,,,
10/13/2012 11:23:20     15.583 N     63.613 W,,,
10/13/2012 11:25:19     15.590 N     63.606 W,,,
10/13/2012 11:27:20     15.598 N     63.598 W,,,
10/13/2012 11:29:19     15.606 N     63.590 W,,,
10/13/2012 11:29:55     15.608 N     63.588 W,,,
10/13/2012 11:31:54     15.615 N     63.582 W,,,
10/13/2012 11:33:55     15.622 N     63.577 W,,,
10/13/2012 11:35:54     15.629 N     63.571 W,,,
10/13/2012 11:37:55     15.636 N     63.566 W,,,
10/13/2012 11:39:54     15.643 N     63.561 W,,,
10/13/2012 11:41:55     15.650 N     63.555 W,,,
10/13/2012 11:43:54     15.657 N     63.550 W,,,
10/13/2012 11:45:55     15.664 N     63.544 W,,,
10/13/2012 11:47:54     15.671 N     63.539 W,,,
10/13/2012 11:49:55     15.678 N     63.534 W,,,
10/13/2012 11:51:55     15.685 N     63.529 W,,,
10/13/2012 11:53:54     15.691 N     63.523 W,,,
10/13/2012 11:55:55     15.698 N     63.518 W,,,
10/13/2012 11:57:54     15.705 N     63.513 W,,,
10/13/2012 11:59:55     15.712 N     63.508 W,,,
10/13/2012 12:01:54     15.719 N     63.503 W,,,
10/13/2012 12:03:55     15.726 N     63.498 W,,,
10/13/2012 12:05:54     15.733 N     63.493 W,,,
10/13/2012 12:07:55     15.740 N     63.488 W,,,
10/13/2012 12:09:54     15.747 N     63.483 W,,,
10/13/2012 12:11:55     15.754 N     63.478 W,,,
10/13/2012 12:13:54     15.761 N     63.473 W,,,
10/13/2012 12:15:55     15.768 N     63.469 W,,,
10/13/2012 12:17:54     15.774 N     63.464 W,,,
10/13/2012 12:19:55     15.781 N     63.459 W,,,
10/13/2012 12:21:55     15.788 N     63.455 W,,,
10/13/2012 12:23:54     15.795 N     63.450 W,,,
10/13/2012 12:25:55     15.802 N     63.446 W,,,
10/13/2012 12:27:54     15.809 N     63.441 W,,,
10/13/2012 12:29:55     15.816 N     63.437 W,,,
10/13/2012 12:31:54     15.822 N     63.432 W,,,
10/13/2012 12:33:55     15.829 N     63.428 W,,,
10/13/2012 12:35:54     15.836 N     63.424 W,,,
10/13/2012 12:37:55     15.843 N     63.420 W,,,
10/13/2012 12:39:54     15.850 N     63.416 W,,,
10/13/2012 12:41:55     15.856 N     63.412 W,,,
10/13/2012 12:43:54     15.863 N     63.408 W,,,
10/13/2012 12:45:55     15.870 N     63.404 W,,,
10/13/2012 12:47:54     15.877 N     63.400 W,,,
10/13/2012 12:49:55     15.884 N     63.396 W,,,
10/13/2012 12:51:55     15.890 N     63.392 W,,,
10/13/2012 12:53:54     15.897 N     63.389 W,,,
10/13/2012 12:55:55     15.904 N     63.385 W,,,
10/13/2012 12:57:54     15.911 N     63.381 W,,,
10/13/2012 12:59:55     15.917 N     63.378 W,,,
10/13/2012 13:01:54     15.924 N     63.375 W,,,
10/13/2012 13:03:55     15.931 N     63.371 W,,,
10/13/2012 13:05:54     15.938 N     63.368 W,,,
10/13/2012 13:07:55     15.944 N     63.365 W,,,
10/13/2012 13:09:54     15.951 N     63.362 W,,,
10/13/2012 13:11:55     15.958 N     63.359 W,,,
10/13/2012 13:13:54     15.964 N     63.356 W,,,
10/13/2012 13:15:55     15.971 N     63.353 W,,,
10/13/2012 13:17:54     15.978 N     63.350 W,,,
10/13/2012 13:19:55     15.984 N     63.347 W,,,
10/13/2012 13:21:55     15.991 N     63.345 W,,,
10/13/2012 13:23:54     15.998 N     63.342 W,,,
10/13/2012 13:25:55     16.004 N     63.340 W,,,
10/13/2012 13:27:54     16.011 N     63.337 W,,,
10/13/2012 13:29:55     16.018 N     63.335 W,,,
10/13/2012 13:31:54     16.024 N     63.333 W,,,
10/13/2012 13:33:55     16.031 N     63.331 W,,,
10/13/2012 13:35:54     16.037 N     63.329 W,,,
10/13/2012 13:37:55     16.044 N     63.327 W,,,
10/13/2012 13:39:54     16.051 N     63.325 W,,,
10/13/2012 13:41:55     16.057 N     63.323 W,,,
10/13/2012 13:43:54     16.064 N     63.321 W,,,
10/13/2012 13:45:55     16.070 N     63.320 W,,,
10/13/2012 13:47:54     16.077 N     63.318 W,,,
10/13/2012 13:49:55     16.083 N     63.317 W,,,
10/13/2012 13:51:55     16.090 N     63.315 W,,,
10/13/2012 13:53:54     16.096 N     63.314 W,,,
10/13/2012 13:55:55     16.103 N     63.313 W,,,
10/13/2012 13:57:54     16.109 N     63.312 W,,,
10/13/2012 13:59:55     16.116 N     63.311 W,,,
10/13/2012 14:01:54     16.122 N     63.310 W,,,
10/13/2012 14:03:55     16.129 N     63.309 W,,,
10/13/2012 14:05:54     16.135 N     63.308 W,,,
10/13/2012 14:07:55     16.142 N     63.308 W,,,
10/13/2012 14:09:54     16.148 N     63.307 W,,,
10/13/2012 14:11:55     16.154 N     63.306 W,,,
10/13/2012 14:13:54     16.161 N     63.306 W,,,
10/13/2012 14:15:55     16.167 N     63.305 W,,,
10/13/2012 14:17:54     16.174 N     63.305 W,,,
10/13/2012 14:19:55     16.180 N     63.305 W,,,
10/13/2012 14:21:55     16.187 N     63.304 W,,,
10/13/2012 14:23:54     16.193 N     63.304 W,,,
10/13/2012 14:25:55     16.199 N     63.304 W,,,
10/13/2012 14:27:54     16.206 N     63.304 W,,,
10/13/2012 14:29:55     16.212 N     63.304 W,,,
10/13/2012 14:31:54     16.219 N     63.304 W,,,
10/13/2012 14:33:55     16.225 N     63.304 W,,,
10/13/2012 14:35:54     16.231 N     63.304 W,,,
10/13/2012 14:37:55     16.238 N     63.304 W,,,
10/13/2012 14:39:54     16.244 N     63.305 W,,,
10/13/2012 14:41:55     16.251 N     63.305 W,,,
10/13/2012 14:43:54     16.257 N     63.305 W,,,
10/13/2012 14:45:55     16.263 N     63.306 W,,,
10/13/2012 14:47:54     16.270 N     63.306 W,,,
10/13/2012 14:49:55     16.276 N     63.307 W,,,
10/13/2012 14:51:55     16.282 N     63.307 W,,,
10/13/2012 14:53:54     16.289 N     63.308 W,,,
10/13/2012 14:55:55     16.295 N     63.308 W,,,
10/13/2012 14:57:54     16.302 N     63.309 W,,,
10/13/2012 14:59:55     16.308 N     63.310 W,,,
10/13/2012 15:01:54     16.314 N     63.310 W,,,
10/13/2012 15:03:55     16.321 N     63.311 W,,,
10/13/2012 15:05:54     16.327 N     63.312 W,,,
10/13/2012 15:07:55     16.334 N     63.312 W,,,
10/13/2012 15:09:54     16.340 N     63.313 W,,,
10/13/2012 15:11:55     16.346 N     63.314 W,,,
10/13/2012 15:13:54     16.353 N     63.315 W,,,
10/13/2012 15:15:55     16.359 N     63.316 W,,,
10/13/2012 15:17:54     16.366 N     63.317 W,,,
10/13/2012 15:19:55     16.372 N     63.318 W,,,
10/13/2012 15:21:55     16.379 N     63.319 W,,,
10/13/2012 15:23:54     16.385 N     63.320 W,,,
10/13/2012 15:25:55     16.391 N     63.321 W,,,
10/13/2012 15:27:54     16.398 N     63.321 W,,,
10/13/2012 15:29:55     16.404 N     63.322 W,,,
10/13/2012 15:31:54     16.411 N     63.323 W,,,
10/13/2012 15:33:55     16.417 N     63.324 W,,,
10/13/2012 15:35:54     16.424 N     63.326 W,,,
10/13/2012 15:37:55     16.430 N     63.327 W,,,
10/13/2012 15:39:54     16.437 N     63.328 W,,,
10/13/2012 15:41:55     16.443 N     63.329 W,,,
10/13/2012 15:43:54     16.450 N     63.330 W,,,
10/13/2012 15:45:55     16.456 N     63.331 W,,,
10/13/2012 15:47:54     16.463 N     63.332 W,,,
10/13/2012 15:49:55     16.469 N     63.333 W,,,
10/13/2012 15:51:55     16.476 N     63.334 W,,,
10/13/2012 15:53:54     16.482 N     63.335 W,,,
10/13/2012 15:55:55     16.489 N     63.336 W,,,
10/13/2012 15:57:54     16.496 N     63.337 W,,,
10/13/2012 15:59:55     16.502 N     63.338 W,,,
10/13/2012 16:01:54     16.509 N     63.339 W,,,
10/13/2012 16:03:54     16.515 N     63.340 W,,,
10/13/2012 16:05:55     16.522 N     63.341 W,,,
10/13/2012 16:07:55     16.529 N     63.342 W,,,
10/13/2012 16:09:54     16.535 N     63.343 W,,,
10/13/2012 16:11:54     16.542 N     63.344 W,,,
10/13/2012 16:13:55     16.548 N     63.345 W,,,
10/13/2012 16:15:55     16.555 N     63.345 W,,,
10/13/2012 16:17:54     16.562 N     63.346 W,,,
10/13/2012 16:19:54     16.569 N     63.347 W,,,
10/13/2012 16:21:55     16.575 N     63.348 W,,,
10/13/2012 16:23:54     16.582 N     63.349 W,,,
10/13/2012 16:25:54     16.589 N     63.349 W,,,
10/13/2012 16:27:55     16.596 N     63.350 W,,,
10/13/2012 16:29:55     16.602 N     63.351 W,,,
10/13/2012 16:31:54     16.609 N     63.351 W,,,
10/13/2012 16:33:54     16.616 N     63.352 W,,,
10/13/2012 16:35:55     16.623 N     63.353 W,,,
10/13/2012 16:37:55     16.630 N     63.353 W,,,
10/13/2012 16:39:54     16.636 N     63.354 W,,,
10/13/2012 16:41:54     16.643 N     63.354 W,,,
10/13/2012 16:43:55     16.650 N     63.355 W,,,
10/13/2012 16:45:55     16.657 N     63.355 W,,,
10/13/2012 16:47:54     16.664 N     63.355 W,,,
10/13/2012 16:49:54     16.671 N     63.356 W,,,
10/13/2012 16:51:55     16.678 N     63.356 W,,,
10/13/2012 16:53:54     16.685 N     63.356 W,,,
10/13/2012 16:55:54     16.692 N     63.356 W,,,
10/13/2012 16:57:55     16.699 N     63.356 W,,,
10/13/2012 16:59:55     16.706 N     63.357 W,,,
10/13/2012 17:01:54     16.713 N     63.357 W,,,
10/13/2012 17:03:54     16.720 N     63.357 W,,,
10/13/2012 17:05:55     16.727 N     63.357 W,,,
10/13/2012 17:07:55     16.734 N     63.357 W,,,
10/13/2012 17:09:54     16.741 N     63.357 W,,,
10/13/2012 17:11:54     16.748 N     63.356 W,,,
10/13/2012 17:13:55     16.755 N     63.356 W,,,
10/13/2012 17:15:55     16.763 N     63.356 W,,,
10/13/2012 17:17:54     16.770 N     63.356 W,,,
10/13/2012 17:19:54     16.777 N     63.356 W,,,
10/13/2012 17:21:55     16.784 N     63.356 W,,,
10/13/2012 17:23:54     16.791 N     63.355 W,,,
10/13/2012 17:25:54     16.798 N     63.355 W,,,
10/13/2012 17:27:55     16.806 N     63.355 W,,,
10/13/2012 17:29:55     16.813 N     63.354 W,,,
10/13/2012 17:31:54     16.820 N     63.354 W,,,
10/13/2012 17:33:54     16.827 N     63.353 W,,,
10/13/2012 17:35:55     16.835 N     63.353 W,,,
10/13/2012 17:37:55     16.842 N     63.352 W,,,
10/13/2012 17:39:54     16.849 N     63.352 W,,,
10/13/2012 17:41:54     16.856 N     63.351 W,,,
10/13/2012 17:42:52     16.860 N     63.351 W,,,
10/13/2012 17:44:53     16.865 N     63.351 W,,,
10/13/2012 17:46:53     16.870 N     63.352 W,,,
10/13/2012 17:48:52     16.876 N     63.352 W,,,
10/13/2012 17:50:52     16.881 N     63.352 W,,,
10/13/2012 17:52:53     16.887 N     63.352 W,,,
10/13/2012 17:54:53     16.893 N     63.353 W,,,
10/13/2012 17:56:52     16.898 N     63.353 W,,,
10/13/2012 17:58:52     16.904 N     63.353 W,,,
10/13/2012 18:00:53     16.910 N     63.352 W,,,
10/13/2012 18:02:53     16.916 N     63.352 W,,,
10/13/2012 18:04:52     16.922 N     63.352 W,,,
10/13/2012 18:06:52     16.929 N     63.352 W,,,
10/13/2012 18:08:53     16.935 N     63.352 W,,,
10/13/2012 18:10:52     16.941 N     63.351 W,,,
10/13/2012 18:12:52     16.948 N     63.351 W,,,
10/13/2012 18:14:53     16.954 N     63.350 W,,,
10/13/2012 18:16:53     16.961 N     63.350 W,,,
10/13/2012 18:18:52     16.968 N     63.349 W,,,
10/13/2012 18:20:52     16.975 N     63.348 W,,,
10/13/2012 18:22:53     16.982 N     63.348 W,,,
10/13/2012 18:24:53     16.989 N     63.347 W,,,
10/13/2012 18:26:52     16.996 N     63.346 W,,,
10/13/2012 18:28:52     17.003 N     63.345 W,,,
10/13/2012 18:30:53     17.010 N     63.344 W,,,
10/13/2012 18:32:53     17.017 N     63.343 W,,,
10/13/2012 18:34:52     17.025 N     63.342 W,,,
10/13/2012 18:36:52     17.032 N     63.341 W,,,
10/13/2012 18:38:53     17.040 N     63.340 W,,,
10/13/2012 18:40:52     17.047 N     63.339 W,,,
10/13/2012 18:42:52     17.055 N     63.338 W,,,
10/13/2012 18:44:53     17.063 N     63.337 W,,,
10/13/2012 18:46:53     17.071 N     63.335 W,,,
10/13/2012 18:48:52     17.079 N     63.334 W,,,
10/13/2012 18:50:52     17.086 N     63.333 W,,,
10/13/2012 18:52:53     17.095 N     63.331 W,,,
10/13/2012 18:54:53     17.103 N     63.330 W,,,
10/13/2012 18:56:52     17.111 N     63.328 W,,,
10/13/2012 18:58:52     17.119 N     63.327 W,,,
10/13/2012 19:00:53     17.127 N     63.325 W,,,
10/13/2012 19:02:53     17.136 N     63.324 W,,,
10/13/2012 19:04:52     17.144 N     63.322 W,,,
10/13/2012 19:06:52     17.153 N     63.320 W,,,
10/13/2012 19:08:53     17.161 N     63.318 W,,,
10/13/2012 19:10:52     17.170 N     63.317 W,,,
10/13/2012 19:12:52     17.178 N     63.315 W,,,
10/13/2012 19:14:53     17.187 N     63.313 W,,,
10/13/2012 19:16:53     17.196 N     63.311 W,,,
10/13/2012 19:18:52     17.205 N     63.309 W,,,
10/13/2012 19:20:52     17.213 N     63.307 W,,,
10/13/2012 19:22:53     17.222 N     63.305 W,,,
10/13/2012 19:24:53     17.231 N     63.303 W,,,
10/13/2012 19:26:52     17.240 N     63.301 W,,,
10/13/2012 19:28:52     17.249 N     63.299 W,,,
10/13/2012 19:30:53     17.259 N     63.297 W,,,
10/13/2012 19:32:53     17.268 N     63.295 W,,,
10/13/2012 19:34:52     17.277 N     63.293 W,,,
10/13/2012 19:36:52     17.286 N     63.290 W,,,
10/13/2012 19:38:53     17.296 N     63.288 W,,,
10/13/2012 19:39:50     17.300 N     63.287 W,,,
10/13/2012 19:41:49     17.310 N     63.283 W,,,
10/13/2012 19:43:50     17.321 N     63.280 W,,,
10/13/2012 19:45:50     17.331 N     63.276 W,,,
10/13/2012 19:47:49     17.341 N     63.273 W,,,
10/13/2012 19:49:49     17.352 N     63.269 W,,,
10/13/2012 19:51:50     17.363 N     63.265 W,,,
10/13/2012 19:53:50     17.373 N     63.261 W,,,
10/13/2012 19:55:49     17.384 N     63.258 W,,,
10/13/2012 19:57:49     17.394 N     63.254 W,,,
10/13/2012 19:59:50     17.405 N     63.250 W,,,
10/13/2012 20:01:50     17.416 N     63.246 W,,,
10/13/2012 20:03:49     17.427 N     63.242 W,,,
10/13/2012 20:05:49     17.437 N     63.239 W,,,
10/13/2012 20:07:50     17.448 N     63.235 W,,,
10/13/2012 20:09:50     17.459 N     63.231 W,,,
10/13/2012 20:11:49     17.470 N     63.227 W,,,
10/13/2012 20:13:50     17.480 N     63.224 W,,,
10/13/2012 20:15:50     17.491 N     63.220 W,,,
10/13/2012 20:17:49     17.502 N     63.217 W,,,
10/13/2012 20:19:49     17.512 N     63.214 W,,,
10/13/2012 20:21:50     17.523 N     63.210 W,,,
10/13/2012 20:23:50     17.533 N     63.207 W,,,
10/13/2012 20:25:49     17.543 N     63.204 W,,,
10/13/2012 20:27:49     17.554 N     63.201 W,,,
10/13/2012 20:29:50     17.564 N     63.198 W,,,
10/13/2012 20:31:50     17.574 N     63.195 W,,,
10/13/2012 20:33:49     17.584 N     63.193 W,,,
10/13/2012 20:35:49     17.594 N     63.190 W,,,
10/13/2012 20:37:50     17.604 N     63.188 W,,,
10/13/2012 20:39:50     17.613 N     63.186 W,,,
10/13/2012 20:41:49     17.623 N     63.184 W,,,
10/13/2012 20:43:50     17.632 N     63.182 W,,,
10/13/2012 20:45:50     17.642 N     63.181 W,,,
10/13/2012 20:47:49     17.651 N     63.179 W,,,
10/13/2012 20:49:49     17.660 N     63.178 W,,,
10/13/2012 20:51:50     17.668 N     63.177 W,,,
10/13/2012 20:53:50     17.677 N     63.176 W,,,
10/13/2012 20:55:49     17.685 N     63.176 W,,,
10/13/2012 20:57:49     17.694 N     63.176 W,,,
10/13/2012 20:59:50     17.702 N     63.175 W,,,
10/13/2012 21:01:50     17.709 N     63.176 W,,,
10/13/2012 21:03:32     17.716 N     63.176 W,,,
10/13/2012 21:05:33     17.723 N     63.180 W,,,
10/13/2012 21:07:33     17.730 N     63.185 W,,,
10/13/2012 21:09:32     17.737 N     63.191 W,,,
10/13/2012 21:11:32     17.743 N     63.196 W,,,
10/13/2012 21:13:33     17.749 N     63.203 W,,,
10/13/2012 21:15:33     17.756 N     63.209 W,,,
10/13/2012 21:17:32     17.761 N     63.217 W,,,
10/13/2012 21:19:33     17.767 N     63.224 W,,,
10/13/2012 21:21:33     17.773 N     63.232 W,,,
10/13/2012 21:23:32     17.778 N     63.240 W,,,
10/13/2012 21:25:32     17.783 N     63.249 W,,,
10/13/2012 21:27:33     17.788 N     63.257 W,,,
10/13/2012 21:29:33     17.793 N     63.266 W,,,
10/13/2012 21:31:32     17.797 N     63.276 W,,,
10/13/2012 21:33:32     17.802 N     63.285 W,,,
10/13/2012 21:35:33     17.806 N     63.295 W,,,
10/13/2012 21:37:33     17.810 N     63.305 W,,,
10/13/2012 21:39:32     17.814 N     63.315 W,,,
10/13/2012 21:41:32     17.818 N     63.325 W,,,
10/13/2012 21:43:33     17.821 N     63.335 W,,,
10/13/2012 21:45:33     17.824 N     63.346 W,,,
10/13/2012 21:47:32     17.827 N     63.356 W,,,
10/13/2012 21:49:33     17.830 N     63.367 W,,,
10/13/2012 21:51:33     17.833 N     63.377 W,,,
10/13/2012 21:53:32     17.836 N     63.388 W,,,
10/13/2012 21:55:32     17.838 N     63.398 W,,,
10/13/2012 21:57:33     17.841 N     63.409 W,,,
10/13/2012 21:59:33     17.843 N     63.419 W,,,
10/13/2012 22:01:32     17.845 N     63.429 W,,,
10/13/2012 22:03:32     17.847 N     63.439 W,,,
10/13/2012 22:05:33     17.848 N     63.449 W,,,
10/13/2012 22:07:33     17.850 N     63.459 W,,,
10/13/2012 22:09:32     17.851 N     63.469 W,,,
10/13/2012 22:11:32     17.852 N     63.478 W,,,
10/13/2012 22:13:33     17.853 N     63.487 W,,,
10/13/2012 22:15:33     17.854 N     63.496 W,,,
10/13/2012 22:17:32     17.855 N     63.505 W,,,
10/13/2012 22:19:33     17.855 N     63.513 W,,,
10/13/2012 22:21:33     17.856 N     63.521 W,,,
10/13/2012 22:23:32     17.856 N     63.529 W,,,
10/13/2012 22:25:32     17.856 N     63.536 W,,,
10/13/2012 22:27:33     17.856 N     63.543 W,,,
10/13/2012 22:29:33     17.856 N     63.550 W,,,
10/13/2012 22:31:32     17.856 N     63.556 W,,,
10/13/2012 22:33:32     17.855 N     63.562 W,,,
10/13/2012 22:35:33     17.855 N     63.567 W,,,
10/13/2012 22:37:33     17.854 N     63.572 W,,,
10/13/2012 22:39:32     17.853 N     63.576 W,,,
10/13/2012 22:41:32     17.852 N     63.580 W,,,
10/13/2012 22:43:33     17.851 N     63.583 W,,,
10/13/2012 22:45:33     17.850 N     63.586 W,,,
10/13/2012 22:47:32     17.849 N     63.589 W,,,
10/13/2012 22:49:33     17.848 N     63.591 W,,,
10/13/2012 22:51:33     17.846 N     63.593 W,,,
10/13/2012 22:53:32     17.844 N     63.594 W,,,
10/13/2012 22:55:32     17.843 N     63.595 W,,,
10/13/2012 22:57:33     17.841 N     63.596 W,,,
10/13/2012 22:59:33     17.839 N     63.596 W,,,
10/13/2012 23:01:21     17.837 N     63.596 W,,,
10/13/2012 23:03:21     17.834 N     63.593 W,,,
10/13/2012 23:05:22     17.831 N     63.589 W,,,
10/13/2012 23:07:22     17.828 N     63.586 W,,,
10/13/2012 23:09:21     17.825 N     63.583 W,,,
10/13/2012 23:11:21     17.822 N     63.580 W,,,
10/13/2012 23:13:22     17.819 N     63.576 W,,,
10/13/2012 23:15:22     17.816 N     63.573 W,,,
10/13/2012 23:17:21     17.813 N     63.570 W,,,
10/13/2012 23:19:22     17.810 N     63.567 W,,,
10/13/2012 23:21:22     17.807 N     63.563 W,,,
10/13/2012 23:23:21     17.804 N     63.560 W,,,
10/13/2012 23:25:21     17.801 N     63.557 W,,,
10/13/2012 23:27:22     17.798 N     63.553 W,,,
10/13/2012 23:29:22     17.795 N     63.550 W,,,
10/13/2012 23:31:21     17.792 N     63.547 W,,,
10/13/2012 23:33:21     17.790 N     63.544 W,,,
10/13/2012 23:35:22     17.787 N     63.540 W,,,
10/13/2012 23:37:22     17.784 N     63.537 W,,,
10/13/2012 23:39:21     17.781 N     63.534 W,,,
10/13/2012 23:41:21     17.778 N     63.530 W,,,
10/13/2012 23:43:22     17.775 N     63.527 W,,,
10/13/2012 23:45:22     17.772 N     63.524 W,,,
10/13/2012 23:47:21     17.769 N     63.521 W,,,
10/13/2012 23:49:22     17.766 N     63.517 W,,,
10/13/2012 23:51:22     17.763 N     63.514 W,,,
10/13/2012 23:53:21     17.760 N     63.511 W,,,
10/13/2012 23:55:21     17.757 N     63.508 W,,,
10/13/2012 23:57:22     17.754 N     63.504 W,,,
10/13/2012 23:59:22     17.751 N     63.501 W,,,
10/14/2012 00:00:00     17.750 N     63.500 W,,,
10/14/2012 00:01:59     17.747 N     63.497 W,,,
10/14/2012 00:04:00     17.745 N     63.494 W,,,
10/14/2012 00:06:00     17.742 N     63.491 W,,,
10/14/2012 00:07:59     17.740 N     63.488 W,,,
10/14/2012 00:09:59     17.737 N     63.485 W,,,
10/14/2012 00:12:00     17.735 N     63.481 W,,,
10/14/2012 00:14:00     17.733 N     63.478 W,,,
10/14/2012 00:15:59     17.730 N     63.475 W,,,
10/14/2012 00:17:59     17.728 N     63.472 W,,,
10/14/2012 00:20:00     17.726 N     63.470 W,,,
10/14/2012 00:22:00     17.724 N     63.467 W,,,
10/14/2012 00:23:59     17.722 N     63.464 W,,,
10/14/2012 00:25:59     17.720 N     63.461 W,,,
10/14/2012 00:28:00     17.718 N     63.458 W,,,
10/14/2012 00:30:00     17.716 N     63.455 W,,,
10/14/2012 00:31:59     17.714 N     63.452 W,,,
10/14/2012 00:34:00     17.712 N     63.449 W,,,
10/14/2012 00:36:00     17.710 N     63.447 W,,,
10/14/2012 00:37:59     17.709 N     63.444 W,,,
10/14/2012 00:39:59     17.707 N     63.441 W,,,
10/14/2012 00:42:00     17.705 N     63.438 W,,,
10/14/2012 00:44:00     17.704 N     63.436 W,,,
10/14/2012 00:45:59     17.702 N     63.433 W,,,
10/14/2012 00:47:59     17.701 N     63.430 W,,,
10/14/2012 00:50:00     17.700 N     63.428 W,,,
10/14/2012 00:52:00     17.699 N     63.425 W,,,
10/14/2012 00:53:59     17.697 N     63.423 W,,,
10/14/2012 00:55:59     17.696 N     63.420 W,,,
10/14/2012 00:58:00     17.695 N     63.418 W,,,
10/14/2012 01:00:00     17.694 N     63.415 W,,,
10/14/2012 01:01:59     17.693 N     63.413 W,,,
10/14/2012 01:04:00     17.693 N     63.410 W,,,
10/14/2012 01:06:00     17.692 N     63.408 W,,,
10/14/2012 01:07:59     17.691 N     63.406 W,,,
10/14/2012 01:09:59     17.691 N     63.403 W,,,
10/14/2012 01:12:00     17.690 N     63.401 W,,,
10/14/2012 01:14:00     17.690 N     63.399 W,,,
10/14/2012 01:15:59     17.689 N     63.397 W,,,
10/14/2012 01:17:59     17.689 N     63.394 W,,,
10/14/2012 01:20:00     17.689 N     63.392 W,,,
10/14/2012 01:22:00     17.689 N     63.390 W,,,
10/14/2012 01:23:59     17.689 N     63.388 W,,,
10/14/2012 01:25:59     17.689 N     63.386 W,,,
10/14/2012 01:28:00     17.689 N     63.384 W,,,
10/14/2012 01:30:00     17.690 N     63.382 W,,,
10/14/2012 01:31:59     17.690 N     63.380 W,,,
10/14/2012 01:34:00     17.690 N     63.378 W,,,
10/14/2012 01:36:00     17.691 N     63.376 W,,,
10/14/2012 01:37:59     17.692 N     63.375 W,,,
10/14/2012 01:39:59     17.693 N     63.373 W,,,
10/14/2012 01:42:00     17.693 N     63.371 W,,,
10/14/2012 01:44:00     17.694 N     63.369 W,,,
10/14/2012 01:45:59     17.696 N     63.368 W,,,
10/14/2012 01:47:59     17.697 N     63.366 W,,,
10/14/2012 01:50:00     17.698 N     63.365 W,,,
10/14/2012 01:52:00     17.699 N     63.363 W,,,
10/14/2012 01:53:59     17.701 N     63.362 W,,,
10/14/2012 01:55:59     17.703 N     63.360 W,,,
10/14/2012 01:58:00     17.704 N     63.359 W,,,
10/14/2012 02:00:00     17.706 N     63.358 W,,,
10/14/2012 02:01:59     17.708 N     63.356 W,,,
10/14/2012 02:04:00     17.710 N     63.355 W,,,
10/14/2012 02:06:00     17.712 N     63.354 W,,,
10/14/2012 02:07:59     17.715 N     63.353 W,,,
10/14/2012 02:09:59     17.717 N     63.352 W,,,
10/14/2012 02:12:00     17.720 N     63.351 W,,,
10/14/2012 02:14:00     17.722 N     63.350 W,,,
10/14/2012 02:15:59     17.725 N     63.349 W,,,
10/14/2012 02:17:59     17.728 N     63.348 W,,,
10/14/2012 02:20:00     17.731 N     63.347 W,,,
10/14/2012 02:22:00     17.734 N     63.346 W,,,
10/14/2012 02:23:59     17.737 N     63.345 W,,,
10/14/2012 02:25:59     17.741 N     63.345 W,,,
10/14/2012 02:28:00     17.744 N     63.344 W,,,
10/14/2012 02:30:00     17.748 N     63.343 W,,,
10/14/2012 02:31:59     17.752 N     63.343 W,,,
10/14/2012 02:34:00     17.756 N     63.342 W,,,
10/14/2012 02:36:00     17.760 N     63.342 W,,,
10/14/2012 02:37:59     17.764 N     63.341 W,,,
10/14/2012 02:39:59     17.769 N     63.341 W,,,
10/14/2012 02:42:00     17.773 N     63.341 W,,,
10/14/2012 02:44:00     17.778 N     63.341 W,,,
10/14/2012 02:45:59     17.782 N     63.341 W,,,
10/14/2012 02:47:59     17.787 N     63.340 W,,,
10/14/2012 02:50:00     17.792 N     63.340 W,,,
10/14/2012 02:52:00     17.798 N     63.340 W,,,
10/14/2012 02:53:59     17.803 N     63.340 W,,,
10/14/2012 02:55:59     17.808 N     63.341 W,,,
10/14/2012 02:58:00     17.814 N     63.341 W,,,
10/14/2012 03:00:00     17.820 N     63.341 W,,,
10/14/2012 03:01:59     17.826 N     63.341 W,,,
10/14/2012 03:04:00     17.832 N     63.342 W,,,
10/14/2012 03:06:00     17.838 N     63.342 W,,,
10/14/2012 03:07:59     17.845 N     63.343 W,,,
10/14/2012 03:09:59     17.851 N     63.343 W,,,
10/14/2012 03:12:00     17.858 N     63.344 W,,,
10/14/2012 03:14:00     17.865 N     63.345 W,,,
10/14/2012 03:15:59     17.872 N     63.345 W,,,
10/14/2012 03:17:59     17.879 N     63.346 W,,,
10/14/2012 03:20:00     17.886 N     63.347 W,,,
10/14/2012 03:22:00     17.894 N     63.348 W,,,
10/14/2012 03:23:59     17.901 N     63.349 W,,,
10/14/2012 03:25:59     17.909 N     63.350 W,,,
10/14/2012 03:28:00     17.917 N     63.351 W,,,
10/14/2012 03:30:00     17.926 N     63.353 W,,,
10/14/2012 03:31:59     17.934 N     63.354 W,,,
10/14/2012 03:34:00     17.942 N     63.355 W,,,
10/14/2012 03:36:00     17.951 N     63.357 W,,,
10/14/2012 03:37:59     17.960 N     63.358 W,,,
10/14/2012 03:39:59     17.969 N     63.360 W,,,
10/14/2012 03:42:00     17.978 N     63.361 W,,,
10/14/2012 03:44:00     17.988 N     63.363 W,,,
10/14/2012 03:45:59     17.997 N     63.365 W,,,
10/14/2012 03:47:59     18.007 N     63.367 W,,,
10/14/2012 03:50:00     18.017 N     63.369 W,,,
10/14/2012 03:52:00     18.027 N     63.371 W,,,
10/14/2012 03:53:59     18.037 N     63.373 W,,,
10/14/2012 03:55:59     18.048 N     63.375 W,,,
10/14/2012 03:58:00     18.058 N     63.377 W,,,
10/14/2012 04:00:00     18.069 N     63.379 W,,,
10/14/2012 04:01:59     18.080 N     63.382 W,,,
10/14/2012 04:04:00     18.091 N     63.384 W,,,
10/14/2012 04:06:00     18.102 N     63.386 W,,,
10/14/2012 04:07:59     18.113 N     63.389 W,,,
10/14/2012 04:09:59     18.125 N     63.391 W,,,
10/14/2012 04:12:00     18.136 N     63.394 W,,,
10/14/2012 04:14:00     18.148 N     63.397 W,,,
10/14/2012 04:15:59     18.160 N     63.399 W,,,
10/14/2012 04:17:59     18.172 N     63.402 W,,,
10/14/2012 04:20:00     18.184 N     63.405 W,,,
10/14/2012 04:22:00     18.197 N     63.408 W,,,
10/14/2012 04:23:59     18.209 N     63.411 W,,,
10/14/2012 04:25:59     18.221 N     63.414 W,,,
10/14/2012 04:28:00     18.234 N     63.417 W,,,
10/14/2012 04:30:00     18.247 N     63.420 W,,,
10/14/2012 04:31:59     18.260 N     63.423 W,,,
10/14/2012 04:34:00     18.273 N     63.427 W,,,
10/14/2012 04:36:00     18.286 N     63.430 W,,,
10/14/2012 04:37:59     18.299 N     63.433 W,,,
10/14/2012 04:39:59     18.312 N     63.437 W,,,
10/14/2012 04:42:00     18.326 N     63.440 W,,,
10/14/2012 04:44:00     18.339 N     63.443 W,,,
10/14/2012 04:45:59     18.353 N     63.447 W,,,
10/14/2012 04:47:59     18.366 N     63.450 W,,,
10/14/2012 04:50:00     18.380 N     63.454 W,,,
10/14/2012 04:52:00     18.394 N     63.458 W,,,
10/14/2012 04:53:59     18.408 N     63.461 W,,,
10/14/2012 04:55:59     18.422 N     63.465 W,,,
10/14/2012 04:58:00     18.436 N     63.469 W,,,
10/14/2012 05:00:00     18.450 N     63.473 W,,,
10/14/2012 05:01:59     18.465 N     63.476 W,,,
10/14/2012 05:04:00     18.479 N     63.480 W,,,
10/14/2012 05:06:00     18.493 N     63.484 W,,,
10/14/2012 05:07:59     18.508 N     63.488 W,,,
10/14/2012 05:09:59     18.522 N     63.492 W,,,
10/14/2012 05:12:00     18.537 N     63.496 W,,,
10/14/2012 05:14:00     18.552 N     63.500 W,,,
10/14/2012 05:15:59     18.567 N     63.504 W,,,
10/14/2012 05:17:59     18.581 N     63.508 W,,,
10/14/2012 05:20:00     18.596 N     63.512 W,,,
10/14/2012 05:22:00     18.611 N     63.517 W,,,
10/14/2012 05:23:59     18.626 N     63.521 W,,,
10/14/2012 05:25:59     18.641 N     63.525 W,,,
10/14/2012 05:28:00     18.656 N     63.529 W,,,
10/14/2012 05:30:00     18.671 N     63.533 W,,,
10/14/2012 05:31:59     18.686 N     63.538 W,,,
10/14/2012 05:34:00     18.701 N     63.542 W,,,
10/14/2012 05:36:00     18.716 N     63.546 W,,,
10/14/2012 05:37:59     18.732 N     63.551 W,,,
10/14/2012 05:39:59     18.747 N     63.555 W,,,
10/14/2012 05:42:00     18.762 N     63.560 W,,,
10/14/2012 05:44:00     18.777 N     63.564 W,,,
10/14/2012 05:45:59     18.793 N     63.568 W,,,
10/14/2012 05:47:59     18.808 N     63.573 W,,,
10/14/2012 05:50:00     18.823 N     63.577 W,,,
10/14/2012 05:52:00     18.839 N     63.582 W,,,
10/14/2012 05:53:59     18.854 N     63.586 W,,,
10/14/2012 05:55:59     18.869 N     63.591 W,,,
10/14/2012 05:58:00     18.885 N     63.595 W,,,
10/14/2012 06:00:00     18.900 N     63.600 W,,,
10/14/2012 06:01:59     18.906 N     63.602 W,,,
10/14/2012 06:04:00     18.913 N     63.605 W,,,
10/14/2012 06:06:00     18.919 N     63.607 W,,,
10/14/2012 06:07:59     18.926 N     63.609 W,,,
10/14/2012 06:09:59     18.932 N     63.612 W,,,
10/14/2012 06:12:00     18.939 N     63.614 W,,,
10/14/2012 06:14:00     18.945 N     63.617 W,,,
10/14/2012 06:15:59     18.952 N     63.619 W,,,
10/14/2012 06:17:59     18.958 N     63.622 W,,,
10/14/2012 06:20:00     18.964 N     63.624 W,,,
10/14/2012 06:22:00     18.971 N     63.627 W,,,
10/14/2012 06:23:59     18.977 N     63.629 W,,,
10/14/2012 06:25:59     18.984 N     63.632 W,,,
10/14/2012 06:28:00     18.990 N     63.634 W,,,
10/14/2012 06:30:00     18.996 N     63.637 W,,,
10/14/2012 06:31:59     19.003 N     63.639 W,,,
10/14/2012 06:34:00     19.009 N     63.642 W,,,
10/14/2012 06:36:00     19.015 N     63.644 W,,,
10/14/2012 06:37:59     19.022 N     63.647 W,,,
10/14/2012 06:39:59     19.028 N     63.649 W,,,
10/14/2012 06:42:00     19.034 N     63.652 W,,,
10/14/2012 06:44:00     19.041 N     63.655 W,,,
10/14/2012 06:45:59     19.047 N     63.657 W,,,
10/14/2012 06:47:59     19.053 N     63.660 W,,,
10/14/2012 06:50:00     19.059 N     63.663 W,,,
10/14/2012 06:52:00     19.066 N     63.665 W,,,
10/14/2012 06:53:59     19.072 N     63.668 W,,,
10/14/2012 06:55:59     19.078 N     63.670 W,,,
10/14/2012 06:58:00     19.084 N     63.673 W,,,
10/14/2012 07:00:00     19.091 N     63.676 W,,,
10/14/2012 07:01:59     19.097 N     63.678 W,,,
10/14/2012 07:04:00     19.103 N     63.681 W,,,
10/14/2012 07:06:00     19.109 N     63.684 W,,,
10/14/2012 07:07:59     19.115 N     63.687 W,,,
10/14/2012 07:09:59     19.121 N     63.689 W,,,
10/14/2012 07:12:00     19.127 N     63.692 W,,,
10/14/2012 07:14:00     19.134 N     63.695 W,,,
10/14/2012 07:15:59     19.140 N     63.697 W,,,
10/14/2012 07:17:59     19.146 N     63.700 W,,,
10/14/2012 07:20:00     19.152 N     63.703 W,,,
10/14/2012 07:22:00     19.158 N     63.706 W,,,
10/14/2012 07:23:59     19.164 N     63.708 W,,,
10/14/2012 07:25:59     19.170 N     63.711 W,,,
10/14/2012 07:28:00     19.176 N     63.714 W,,,
10/14/2012 07:30:00     19.182 N     63.717 W,,,
10/14/2012 07:31:59     19.188 N     63.719 W,,,
10/14/2012 07:34:00     19.194 N     63.722 W,,,
10/14/2012 07:36:00     19.200 N     63.725 W,,,
10/14/2012 07:37:59     19.206 N     63.728 W,,,
10/14/2012 07:39:59     19.212 N     63.730 W,,,
10/14/2012 07:42:00     19.217 N     63.733 W,,,
10/14/2012 07:44:00     19.223 N     63.736 W,,,
10/14/2012 07:45:59     19.229 N     63.739 W,,,
10/14/2012 07:47:59     19.235 N     63.741 W,,,
10/14/2012 07:50:00     19.241 N     63.744 W,,,
10/14/2012 07:52:00     19.247 N     63.747 W,,,
10/14/2012 07:53:59     19.252 N     63.750 W,,,
10/14/2012 07:55:59     19.258 N     63.752 W,,,
10/14/2012 07:58:00     19.264 N     63.755 W,,,
10/14/2012 08:00:00     19.269 N     63.758 W,,,
10/14/2012 08:01:59     19.275 N     63.761 W,,,
10/14/2012 08:03:59     19.281 N     63.763 W,,,
10/14/2012 08:05:59     19.286 N     63.766 W,,,
10/14/2012 08:08:00     19.292 N     63.769 W,,,
10/14/2012 08:10:00     19.298 N     63.771 W,,,
10/14/2012 08:12:00     19.303 N     63.774 W,,,
10/14/2012 08:14:00     19.309 N     63.777 W,,,
10/14/2012 08:15:59     19.314 N     63.780 W,,,
10/14/2012 08:17:59     19.320 N     63.782 W,,,
10/14/2012 08:19:59     19.325 N     63.785 W,,,
10/14/2012 08:21:59     19.331 N     63.788 W,,,
10/14/2012 08:24:00     19.336 N     63.790 W,,,
10/14/2012 08:26:00     19.342 N     63.793 W,,,
10/14/2012 08:28:00     19.347 N     63.796 W,,,
10/14/2012 08:30:00     19.353 N     63.798 W,,,
10/14/2012 08:31:59     19.358 N     63.801 W,,,
10/14/2012 08:33:59     19.363 N     63.804 W,,,
10/14/2012 08:35:59     19.369 N     63.806 W,,,
10/14/2012 08:38:00     19.374 N     63.809 W,,,
10/14/2012 08:40:00     19.379 N     63.812 W,,,
10/14/2012 08:42:00     19.384 N     63.814 W,,,
10/14/2012 08:44:00     19.390 N     63.817 W,,,
10/14/2012 08:45:59     19.395 N     63.820 W,,,
10/14/2012 08:47:59     19.400 N     63.822 W,,,
10/14/2012 08:49:59     19.405 N     63.825 W,,,
10/14/2012 08:51:59     19.410 N     63.827 W,,,
10/14/2012 08:54:00     19.415 N     63.830 W,,,
10/14/2012 08:56:00     19.420 N     63.832 W,,,
10/14/2012 08:58:00     19.425 N     63.835 W,,,
10/14/2012 09:00:00     19.430 N     63.838 W,,,
10/14/2012 09:01:59     19.435 N     63.840 W,,,
10/14/2012 09:03:59     19.440 N     63.843 W,,,
10/14/2012 09:05:59     19.445 N     63.845 W,,,
10/14/2012 09:08:00     19.450 N     63.848 W,,,
10/14/2012 09:10:00     19.455 N     63.850 W,,,
10/14/2012 09:12:00     19.460 N     63.852 W,,,
10/14/2012 09:14:00     19.465 N     63.855 W,,,
10/14/2012 09:15:59     19.469 N     63.857 W,,,
10/14/2012 09:17:59     19.474 N     63.860 W,,,
10/14/2012 09:19:59     19.479 N     63.862 W,,,
10/14/2012 09:21:59     19.484 N     63.865 W,,,
10/14/2012 09:24:00     19.488 N     63.867 W,,,
10/14/2012 09:26:00     19.493 N     63.869 W,,,
10/14/2012 09:28:00     19.497 N     63.872 W,,,
10/14/2012 09:30:00     19.502 N     63.874 W,,,
10/14/2012 09:31:59     19.507 N     63.876 W,,,
10/14/2012 09:33:59     19.511 N     63.879 W,,,
10/14/2012 09:35:59     19.516 N     63.881 W,,,
10/14/2012 09:38:00     19.520 N     63.883 W,,,
10/14/2012 09:40:00     19.524 N     63.885 W,,,
10/14/2012 09:42:00     19.529 N     63.888 W,,,
10/14/2012 09:44:00     19.533 N     63.890 W,,,
10/14/2012 09:45:59     19.537 N     63.892 W,,,
10/14/2012 09:47:59     19.542 N     63.894 W,,,
10/14/2012 09:49:59     19.546 N     63.896 W,,,
10/14/2012 09:51:59     19.550 N     63.898 W,,,
10/14/2012 09:54:00     19.554 N     63.900 W,,,
10/14/2012 09:56:00     19.559 N     63.903 W,,,
10/14/2012 09:58:00     19.563 N     63.905 W,,,
10/14/2012 10:00:00     19.567 N     63.907 W,,,
10/14/2012 10:01:59     19.571 N     63.909 W,,,
10/14/2012 10:03:59     19.575 N     63.911 W,,,
10/14/2012 10:05:59     19.579 N     63.913 W,,,
10/14/2012 10:08:00     19.583 N     63.915 W,,,
10/14/2012 10:10:00     19.587 N     63.917 W,,,
10/14/2012 10:12:00     19.591 N     63.919 W,,,
10/14/2012 10:14:00     19.595 N     63.921 W,,,
10/14/2012 10:15:59     19.599 N     63.923 W,,,
10/14/2012 10:17:59     19.603 N     63.925 W,,,
10/14/2012 10:19:59     19.607 N     63.927 W,,,
10/14/2012 10:21:59     19.610 N     63.929 W,,,
10/14/2012 10:24:00     19.614 N     63.931 W,,,
10/14/2012 10:26:00     19.618 N     63.933 W,,,
10/14/2012 10:28:00     19.622 N     63.934 W,,,
10/14/2012 10:30:00     19.626 N     63.936 W,,,
10/14/2012 10:31:59     19.629 N     63.938 W,,,
10/14/2012 10:33:59     19.633 N     63.940 W,,,
10/14/2012 10:35:59     19.637 N     63.942 W,,,
10/14/2012 10:38:00     19.640 N     63.944 W,,,
10/14/2012 10:40:00     19.644 N     63.945 W,,,
10/14/2012 10:42:00     19.647 N     63.947 W,,,
10/14/2012 10:44:00     19.651 N     63.949 W,,,
10/14/2012 10:45:59     19.654 N     63.951 W,,,
10/14/2012 10:47:59     19.658 N     63.952 W,,,
10/14/2012 10:49:59     19.661 N     63.954 W,,,
10/14/2012 10:51:59     19.665 N     63.956 W,,,
10/14/2012 10:54:00     19.668 N     63.958 W,,,
10/14/2012 10:56:00     19.672 N     63.959 W,,,
10/14/2012 10:58:00     19.675 N     63.961 W,,,
10/14/2012 11:00:00     19.679 N     63.963 W,,,
10/14/2012 11:01:59     19.682 N     63.964 W,,,
10/14/2012 11:03:59     19.685 N     63.966 W,,,
10/14/2012 11:05:59     19.689 N     63.968 W,,,
10/14/2012 11:08:00     19.692 N     63.969 W,,,
10/14/2012 11:10:00     19.695 N     63.971 W,,,
10/14/2012 11:12:00     19.698 N     63.973 W,,,
10/14/2012 11:14:00     19.702 N     63.974 W,,,
10/14/2012 11:15:59     19.705 N     63.976 W,,,
10/14/2012 11:17:59     19.708 N     63.977 W,,,
10/14/2012 11:19:59     19.711 N     63.979 W,,,
10/14/2012 11:21:59     19.714 N     63.980 W,,,
10/14/2012 11:24:00     19.717 N     63.982 W,,,
10/14/2012 11:26:00     19.720 N     63.983 W,,,
10/14/2012 11:28:00     19.724 N     63.985 W,,,
10/14/2012 11:30:00     19.727 N     63.987 W,,,
10/14/2012 11:31:59     19.730 N     63.988 W,,,
10/14/2012 11:33:59     19.733 N     63.990 W,,,
10/14/2012 11:35:59     19.736 N     63.991 W,,,
10/14/2012 11:38:00     19.739 N     63.992 W,,,
10/14/2012 11:40:00     19.742 N     63.994 W,,,
10/14/2012 11:42:00     19.745 N     63.995 W,,,
10/14/2012 11:44:00     19.748 N     63.997 W,,,
10/14/2012 11:45:59     19.751 N     63.998 W,,,
10/14/2012 11:47:59     19.754 N     64.000 W,,,
10/14/2012 11:49:59     19.756 N     64.001 W,,,
10/14/2012 11:51:59     19.759 N     64.003 W,,,
10/14/2012 11:54:00     19.762 N     64.004 W,,,
10/14/2012 11:56:00     19.765 N     64.005 W,,,
10/14/2012 11:58:00     19.768 N     64.007 W,,,
10/14/2012 12:00:00     19.771 N     64.008 W,,,
10/14/2012 12:01:59     19.773 N     64.009 W,,,
10/14/2012 12:03:59     19.776 N     64.011 W,,,
10/14/2012 12:05:59     19.779 N     64.012 W,,,
10/14/2012 12:08:00     19.782 N     64.014 W,,,
10/14/2012 12:10:00     19.785 N     64.015 W,,,
10/14/2012 12:12:00     19.787 N     64.016 W,,,
10/14/2012 12:14:00     19.790 N     64.018 W,,,
10/14/2012 12:15:59     19.793 N     64.019 W,,,
10/14/2012 12:17:59     19.795 N     64.020 W,,,
10/14/2012 12:19:59     19.798 N     64.021 W,,,
10/14/2012 12:21:59     19.801 N     64.023 W,,,
10/14/2012 12:24:00     19.803 N     64.024 W,,,
10/14/2012 12:26:00     19.806 N     64.025 W,,,
10/14/2012 12:28:00     19.809 N     64.027 W,,,
10/14/2012 12:30:00     19.811 N     64.028 W,,,
10/14/2012 12:31:59     19.814 N     64.029 W,,,
10/14/2012 12:33:59     19.817 N     64.030 W,,,
10/14/2012 12:35:59     19.819 N     64.032 W,,,
10/14/2012 12:38:00     19.822 N     64.033 W,,,
10/14/2012 12:40:00     19.824 N     64.034 W,,,
10/14/2012 12:42:00     19.827 N     64.035 W,,,
10/14/2012 12:44:00     19.829 N     64.037 W,,,
10/14/2012 12:45:59     19.832 N     64.038 W,,,
10/14/2012 12:47:59     19.834 N     64.039 W,,,
10/14/2012 12:49:59     19.837 N     64.040 W,,,
10/14/2012 12:51:59     19.839 N     64.041 W,,,
10/14/2012 12:54:00     19.842 N     64.043 W,,,
10/14/2012 12:56:00     19.844 N     64.044 W,,,
10/14/2012 12:58:00     19.847 N     64.045 W,,,
10/14/2012 13:00:00     19.849 N     64.046 W,,,
10/14/2012 13:01:21     19.851 N     64.047 W,,,
10/14/2012 13:03:21     19.854 N     64.048 W,,,
10/14/2012 13:05:21     19.858 N     64.048 W,,,
10/14/2012 13:07:21     19.861 N     64.049 W,,,
10/14/2012 13:09:22     19.864 N     64.049 W,,,
10/14/2012 13:11:22     19.867 N     64.050 W,,,
10/14/2012 13:13:22     19.870 N     64.051 W,,,
10/14/2012 13:15:22     19.873 N     64.051 W,,,
10/14/2012 13:17:21     19.876 N     64.052 W,,,
10/14/2012 13:19:21     19.879 N     64.053 W,,,
10/14/2012 13:21:21     19.881 N     64.054 W,,,
10/14/2012 13:23:22     19.884 N     64.055 W,,,
10/14/2012 13:25:22     19.887 N     64.056 W,,,
10/14/2012 13:27:22     19.890 N     64.056 W,,,
10/14/2012 13:29:22     19.892 N     64.057 W,,,
10/14/2012 13:31:21     19.895 N     64.058 W,,,
10/14/2012 13:33:21     19.897 N     64.059 W,,,
10/14/2012 13:35:21     19.900 N     64.061 W,,,
10/14/2012 13:37:21     19.902 N     64.062 W,,,
10/14/2012 13:39:22     19.904 N     64.063 W,,,
10/14/2012 13:41:22     19.907 N     64.064 W,,,
10/14/2012 13:43:22     19.909 N     64.065 W,,,
10/14/2012 13:45:22     19.911 N     64.066 W,,,
10/14/2012 13:47:21     19.913 N     64.068 W,,,
10/14/2012 13:49:21     19.915 N     64.069 W,,,
10/14/2012 13:51:21     19.917 N     64.070 W,,,
10/14/2012 13:53:22     19.919 N     64.071 W,,,
10/14/2012 13:55:22     19.921 N     64.073 W,,,
10/14/2012 13:57:22     19.923 N     64.074 W,,,
10/14/2012 13:59:22     19.925 N     64.076 W,,,
10/14/2012 14:01:21     19.927 N     64.077 W,,,
10/14/2012 14:03:21     19.929 N     64.079 W,,,
10/14/2012 14:05:21     19.931 N     64.080 W,,,
10/14/2012 14:07:21     19.932 N     64.082 W,,,
10/14/2012 14:09:22     19.934 N     64.083 W,,,
10/14/2012 14:11:22     19.936 N     64.085 W,,,
10/14/2012 14:13:22     19.937 N     64.086 W,,,
10/14/2012 14:15:22     19.939 N     64.088 W,,,
10/14/2012 14:17:21     19.941 N     64.089 W,,,
10/14/2012 14:17:59     19.941 N     64.090 W,,,
10/14/2012 14:19:59     19.943 N     64.091 W,,,
10/14/2012 14:21:59     19.945 N     64.093 W,,,
10/14/2012 14:24:00     19.947 N     64.094 W,,,
10/14/2012 14:26:00     19.949 N     64.096 W,,,
10/14/2012 14:28:00     19.951 N     64.097 W,,,
10/14/2012 14:30:00     19.952 N     64.098 W,,,
10/14/2012 14:31:59     19.954 N     64.100 W,,,
10/14/2012 14:33:59     19.956 N     64.101 W,,,
10/14/2012 14:35:59     19.958 N     64.103 W,,,
10/14/2012 14:38:00     19.959 N     64.105 W,,,
10/14/2012 14:40:00     19.961 N     64.106 W,,,
10/14/2012 14:42:00     19.963 N     64.108 W,,,
10/14/2012 14:44:00     19.964 N     64.109 W,,,
10/14/2012 14:45:59     19.966 N     64.111 W,,,
10/14/2012 14:47:59     19.967 N     64.113 W,,,
10/14/2012 14:49:59     19.969 N     64.114 W,,,
10/14/2012 14:51:59     19.970 N     64.116 W,,,
10/14/2012 14:54:00     19.971 N     64.118 W,,,
10/14/2012 14:56:00     19.973 N     64.120 W,,,
10/14/2012 14:58:00     19.974 N     64.121 W,,,
10/14/2012 15:00:00     19.975 N     64.123 W,,,
10/14/2012 15:01:59     19.976 N     64.125 W,,,
10/14/2012 15:03:59     19.978 N     64.127 W,,,
10/14/2012 15:05:59     19.979 N     64.129 W,,,
10/14/2012 15:08:00     19.980 N     64.131 W,,,
10/14/2012 15:10:00     19.981 N     64.133 W,,,
10/14/2012 15:12:00     19.982 N     64.135 W,,,
10/14/2012 15:14:00     19.983 N     64.137 W,,,
10/14/2012 15:15:59     19.984 N     64.139 W,,,
10/14/2012 15:17:59     19.984 N     64.141 W,,,
10/14/2012 15:19:59     19.985 N     64.143 W,,,
10/14/2012 15:21:59     19.986 N     64.145 W,,,
10/14/2012 15:24:00     19.987 N     64.147 W,,,
10/14/2012 15:26:00     19.987 N     64.150 W,,,
10/14/2012 15:28:00     19.988 N     64.152 W,,,
10/14/2012 15:30:00     19.988 N     64.154 W,,,
10/14/2012 15:31:59     19.989 N     64.157 W,,,
10/14/2012 15:33:59     19.989 N     64.159 W,,,
10/14/2012 15:35:59     19.989 N     64.161 W,,,
10/14/2012 15:38:00     19.990 N     64.164 W,,,
10/14/2012 15:40:00     19.990 N     64.166 W,,,
10/14/2012 15:42:00     19.990 N     64.169 W,,,
10/14/2012 15:44:00     19.990 N     64.171 W,,,
10/14/2012 15:45:59     19.990 N     64.174 W,,,
10/14/2012 15:47:59     19.990 N     64.177 W,,,
10/14/2012 15:49:59     19.990 N     64.179 W,,,
10/14/2012 15:51:59     19.990 N     64.182 W,,,
10/14/2012 15:54:00     19.990 N     64.185 W,,,
10/14/2012 15:56:00     19.989 N     64.188 W,,,
10/14/2012 15:58:00     19.989 N     64.190 W,,,
10/14/2012 15:58:22     19.989 N     64.191 W,,,
10/14/2012 16:00:22     19.991 N     64.193 W,,,
10/14/2012 16:02:21     19.993 N     64.194 W,,,
10/14/2012 16:04:21     19.995 N     64.196 W,,,
10/14/2012 16:06:21     19.998 N     64.198 W,,,
10/14/2012 16:08:22     20.000 N     64.199 W,,,
10/14/2012 16:10:22     20.002 N     64.201 W,,,
10/14/2012 16:12:22     20.005 N     64.202 W,,,
10/14/2012 16:14:22     20.007 N     64.204 W,,,
10/14/2012 16:16:21     20.010 N     64.205 W,,,
10/14/2012 16:18:21     20.013 N     64.207 W,,,
10/14/2012 16:20:21     20.015 N     64.208 W,,,
10/14/2012 16:22:21     20.018 N     64.209 W,,,
10/14/2012 16:24:22     20.021 N     64.211 W,,,
10/14/2012 16:26:22     20.024 N     64.212 W,,,
10/14/2012 16:28:22     20.027 N     64.213 W,,,
10/14/2012 16:30:22     20.030 N     64.215 W,,,
10/14/2012 16:32:21     20.034 N     64.216 W,,,
10/14/2012 16:34:21     20.037 N     64.217 W,,,
10/14/2012 16:36:21     20.040 N     64.218 W,,,
10/14/2012 16:38:22     20.044 N     64.220 W,,,
10/14/2012 16:40:22     20.047 N     64.221 W,,,
10/14/2012 16:42:22     20.051 N     64.222 W,,,
10/14/2012 16:44:22     20.055 N     64.223 W,,,
10/14/2012 16:46:21     20.059 N     64.224 W,,,
10/14/2012 16:48:21     20.063 N     64.225 W,,,
10/14/2012 16:50:21     20.067 N     64.226 W,,,
10/14/2012 16:52:21     20.071 N     64.227 W,,,
10/14/2012 16:54:22     20.075 N     64.228 W,,,
10/14/2012 16:56:22     20.080 N     64.229 W,,,
10/14/2012 16:58:22     20.084 N     64.230 W,,,
10/14/2012 17:00:22     20.089 N     64.231 W,,,
10/14/2012 17:02:21     20.093 N     64.231 W,,,
10/14/2012 17:04:21     20.098 N     64.232 W,,,
10/14/2012 17:06:21     20.103 N     64.233 W,,,
10/14/2012 17:08:22     20.108 N     64.234 W,,,
10/14/2012 17:10:22     20.113 N     64.234 W,,,
10/14/2012 17:12:22     20.118 N     64.235 W,,,
10/14/2012 17:14:22     20.123 N     64.235 W,,,
10/14/2012 17:16:21     20.129 N     64.236 W,,,
10/14/2012 17:18:21     20.134 N     64.236 W,,,
10/14/2012 17:20:21     20.140 N     64.237 W,,,
10/14/2012 17:22:21     20.146 N     64.237 W,,,
10/14/2012 17:24:22     20.152 N     64.238 W,,,
10/14/2012 17:26:22     20.158 N     64.238 W,,,
10/14/2012 17:28:22     20.164 N     64.238 W,,,
10/14/2012 17:30:22     20.170 N     64.239 W,,,
10/14/2012 17:32:21     20.176 N     64.239 W,,,
10/14/2012 17:34:21     20.183 N     64.239 W,,,
10/14/2012 17:36:21     20.190 N     64.239 W,,,
10/14/2012 17:38:22     20.196 N     64.240 W,,,
10/14/2012 17:40:22     20.203 N     64.240 W,,,
10/14/2012 17:42:22     20.210 N     64.240 W,,,
10/14/2012 17:44:22     20.217 N     64.240 W,,,
10/14/2012 17:46:21     20.224 N     64.240 W,,,
10/14/2012 17:48:21     20.232 N     64.240 W,,,
10/14/2012 17:50:21     20.239 N     64.239 W,,,
10/14/2012 17:52:21     20.247 N     64.239 W,,,
10/14/2012 17:54:22     20.254 N     64.239 W,,,
10/14/2012 17:56:22     20.262 N     64.239 W,,,
10/14/2012 17:58:22     20.270 N     64.239 W,,,
10/14/2012 18:00:22     20.278 N     64.238 W,,,
10/14/2012 18:02:21     20.286 N     64.238 W,,,
10/14/2012 18:04:21     20.294 N     64.238 W,,,
10/14/2012 18:06:21     20.303 N     64.237 W,,,
10/14/2012 18:08:22     20.311 N     64.237 W,,,
10/14/2012 18:10:22     20.319 N     64.237 W,,,
10/14/2012 18:12:22     20.328 N     64.236 W,,,
10/14/2012 18:14:22     20.337 N     64.236 W,,,
10/14/2012 18:16:21     20.345 N     64.235 W,,,
10/14/2012 18:18:21     20.354 N     64.235 W,,,
10/14/2012 18:20:21     20.363 N     64.234 W,,,
10/14/2012 18:22:21     20.372 N     64.234 W,,,
10/14/2012 18:24:22     20.381 N     64.233 W,,,
10/14/2012 18:26:22     20.390 N     64.233 W,,,
10/14/2012 18:28:22     20.399 N     64.232 W,,,
10/14/2012 18:30:22     20.408 N     64.232 W,,,
10/14/2012 18:32:21     20.417 N     64.231 W,,,
10/14/2012 18:34:21     20.427 N     64.231 W,,,
10/14/2012 18:36:21     20.436 N     64.230 W,,,
10/14/2012 18:38:22     20.445 N     64.229 W,,,
10/14/2012 18:40:22     20.455 N     64.229 W,,,
10/14/2012 18:42:22     20.464 N     64.228 W,,,
10/14/2012 18:44:22     20.474 N     64.228 W,,,
10/14/2012 18:46:21     20.483 N     64.227 W,,,
10/14/2012 18:48:21     20.493 N     64.226 W,,,
10/14/2012 18:50:21     20.503 N     64.226 W,,,
10/14/2012 18:52:21     20.512 N     64.225 W,,,
10/14/2012 18:54:22     20.522 N     64.225 W,,,
10/14/2012 18:56:22     20.532 N     64.224 W,,,
10/14/2012 18:58:22     20.541 N     64.224 W,,,
10/14/2012 19:00:22     20.551 N     64.223 W,,,
10/14/2012 19:02:21     20.561 N     64.222 W,,,
10/14/2012 19:04:21     20.571 N     64.222 W,,,
10/14/2012 19:06:21     20.580 N     64.221 W,,,
10/14/2012 19:08:22     20.590 N     64.221 W,,,
10/14/2012 19:10:22     20.600 N     64.220 W,,,
10/14/2012 19:12:22     20.610 N     64.220 W,,,
10/14/2012 19:14:22     20.620 N     64.219 W,,,
10/14/2012 19:16:21     20.630 N     64.219 W,,,
10/14/2012 19:18:21     20.639 N     64.218 W,,,
10/14/2012 19:20:21     20.649 N     64.218 W,,,
10/14/2012 19:22:21     20.659 N     64.218 W,,,
10/14/2012 19:24:22     20.669 N     64.217 W,,,
10/14/2012 19:26:22     20.679 N     64.217 W,,,
10/14/2012 19:28:22     20.688 N     64.217 W,,,
10/14/2012 19:30:22     20.698 N     64.216 W,,,
10/14/2012 19:32:21     20.708 N     64.216 W,,,
10/14/2012 19:34:21     20.717 N     64.216 W,,,
10/14/2012 19:36:21     20.727 N     64.216 W,,,
10/14/2012 19:38:22     20.737 N     64.215 W,,,
10/14/2012 19:40:22     20.746 N     64.215 W,,,
10/14/2012 19:42:22     20.756 N     64.215 W,,,
10/14/2012 19:44:22     20.765 N     64.215 W,,,
10/14/2012 19:46:21     20.775 N     64.215 W,,,
10/14/2012 19:48:21     20.784 N     64.215 W,,,
10/14/2012 19:50:21     20.794 N     64.215 W,,,
10/14/2012 19:52:21     20.803 N     64.215 W,,,
10/14/2012 19:54:22     20.812 N     64.215 W,,,
10/14/2012 19:56:22     20.821 N     64.216 W,,,
10/14/2012 19:58:22     20.831 N     64.216 W,,,
10/14/2012 20:00:22     20.840 N     64.216 W,,,
10/14/2012 20:02:21     20.849 N     64.216 W,,,
10/14/2012 20:04:21     20.858 N     64.217 W,,,
10/14/2012 20:06:21     20.867 N     64.217 W,,,
10/14/2012 20:08:22     20.875 N     64.218 W,,,
10/14/2012 20:10:22     20.884 N     64.218 W,,,
10/14/2012 20:12:22     20.893 N     64.219 W,,,
10/14/2012 20:14:22     20.901 N     64.219 W,,,
10/14/2012 20:16:21     20.910 N     64.220 W,,,
10/14/2012 20:18:21     20.918 N     64.221 W,,,
10/14/2012 20:20:21     20.927 N     64.221 W,,,
10/14/2012 20:22:21     20.935 N     64.222 W,,,
10/14/2012 20:24:22     20.943 N     64.223 W,,,
10/14/2012 20:26:22     20.951 N     64.224 W,,,
10/14/2012 20:28:22     20.959 N     64.225 W,,,
10/14/2012 20:30:22     20.967 N     64.226 W,,,
10/14/2012 20:32:21     20.975 N     64.227 W,,,
10/14/2012 20:34:21     20.983 N     64.229 W,,,
10/14/2012 20:36:21     20.990 N     64.230 W,,,
10/14/2012 20:38:22     20.998 N     64.231 W,,,
10/14/2012 20:40:22     21.005 N     64.233 W,,,
10/14/2012 20:42:22     21.012 N     64.234 W,,,
10/14/2012 20:44:22     21.019 N     64.236 W,,,
10/14/2012 20:46:21     21.026 N     64.237 W,,,
10/14/2012 20:48:21     21.033 N     64.239 W,,,
10/14/2012 20:50:21     21.040 N     64.241 W,,,
10/14/2012 20:52:21     21.046 N     64.243 W,,,
10/14/2012 20:54:22     21.053 N     64.245 W,,,
10/14/2012 20:56:22     21.059 N     64.247 W,,,
10/14/2012 20:58:22     21.065 N     64.249 W,,,
10/14/2012 21:00:22     21.071 N     64.251 W,,,
10/14/2012 21:02:21     21.077 N     64.253 W,,,
10/14/2012 21:04:21     21.083 N     64.256 W,,,
10/14/2012 21:06:21     21.089 N     64.258 W,,,
10/14/2012 21:08:22     21.094 N     64.261 W,,,
10/14/2012 21:10:22     21.099 N     64.263 W,,,
10/14/2012 21:12:22     21.105 N     64.266 W,,,
10/14/2012 21:14:22     21.110 N     64.269 W,,,
10/14/2012 21:16:21     21.115 N     64.272 W,,,
10/14/2012 21:18:21     21.119 N     64.275 W,,,
10/14/2012 21:20:21     21.124 N     64.278 W,,,
10/14/2012 21:22:21     21.129 N     64.281 W,,,
10/14/2012 21:24:22     21.133 N     64.284 W,,,
10/14/2012 21:26:22     21.137 N     64.287 W,,,
10/14/2012 21:28:22     21.142 N     64.290 W,,,
10/14/2012 21:30:22     21.146 N     64.294 W,,,
10/14/2012 21:32:21     21.150 N     64.297 W,,,
10/14/2012 21:34:21     21.153 N     64.301 W,,,
10/14/2012 21:36:21     21.157 N     64.304 W,,,
10/14/2012 21:38:22     21.161 N     64.308 W,,,
10/14/2012 21:40:22     21.164 N     64.312 W,,,
10/14/2012 21:42:22     21.168 N     64.315 W,,,
10/14/2012 21:44:22     21.171 N     64.319 W,,,
10/14/2012 21:46:21     21.174 N     64.323 W,,,
10/14/2012 21:48:21     21.177 N     64.327 W,,,
10/14/2012 21:50:21     21.180 N     64.331 W,,,
10/14/2012 21:52:21     21.183 N     64.335 W,,,
10/14/2012 21:54:22     21.186 N     64.339 W,,,
10/14/2012 21:56:22     21.188 N     64.344 W,,,
10/14/2012 21:58:22     21.191 N     64.348 W,,,
10/14/2012 22:00:22     21.193 N     64.352 W,,,
10/14/2012 22:02:21     21.195 N     64.357 W,,,
10/14/2012 22:04:21     21.198 N     64.361 W,,,
10/14/2012 22:06:21     21.200 N     64.366 W,,,
10/14/2012 22:08:22     21.202 N     64.370 W,,,
10/14/2012 22:10:22     21.204 N     64.375 W,,,
10/14/2012 22:12:22     21.206 N     64.379 W,,,
10/14/2012 22:14:22     21.207 N     64.384 W,,,
10/14/2012 22:16:21     21.209 N     64.389 W,,,
10/14/2012 22:18:21     21.211 N     64.394 W,,,
10/14/2012 22:20:21     21.212 N     64.399 W,,,
10/14/2012 22:22:21     21.214 N     64.404 W,,,
10/14/2012 22:24:22     21.215 N     64.409 W,,,
10/14/2012 22:24:33     21.215 N     64.409 W,,,
10/14/2012 22:26:34     21.215 N     64.415 W,,,
10/14/2012 22:28:34     21.214 N     64.421 W,,,
10/14/2012 22:30:34     21.214 N     64.427 W,,,
10/14/2012 22:32:34     21.214 N     64.433 W,,,
10/14/2012 22:34:33     21.214 N     64.439 W,,,
10/14/2012 22:36:33     21.213 N     64.445 W,,,
10/14/2012 22:38:33     21.213 N     64.450 W,,,
10/14/2012 22:40:33     21.213 N     64.456 W,,,
10/14/2012 22:42:34     21.212 N     64.462 W,,,
10/14/2012 22:44:34     21.212 N     64.468 W,,,
10/14/2012 22:46:34     21.212 N     64.474 W,,,
10/14/2012 22:48:33     21.212 N     64.480 W,,,
10/14/2012 22:50:33     21.211 N     64.486 W,,,
10/14/2012 22:52:33     21.211 N     64.492 W,,,
10/14/2012 22:54:33     21.211 N     64.498 W,,,
10/14/2012 22:56:34     21.211 N     64.504 W,,,
10/14/2012 22:58:34     21.210 N     64.510 W,,,
10/14/2012 23:00:34     21.210 N     64.516 W,,,
10/14/2012 23:02:34     21.210 N     64.521 W,,,
10/14/2012 23:04:33     21.209 N     64.527 W,,,
10/14/2012 23:06:33     21.209 N     64.533 W,,,
10/14/2012 23:08:33     21.209 N     64.539 W,,,
10/14/2012 23:10:33     21.209 N     64.545 W,,,
10/14/2012 23:12:34     21.208 N     64.551 W,,,
10/14/2012 23:14:34     21.208 N     64.557 W,,,
10/14/2012 23:16:34     21.208 N     64.563 W,,,
10/14/2012 23:18:33     21.207 N     64.569 W,,,
10/14/2012 23:20:33     21.207 N     64.575 W,,,
10/14/2012 23:22:33     21.207 N     64.581 W,,,
10/14/2012 23:24:33     21.207 N     64.587 W,,,
10/14/2012 23:26:34     21.206 N     64.592 W,,,
10/14/2012 23:28:34     21.206 N     64.598 W,,,
10/14/2012 23:30:34     21.206 N     64.604 W,,,
10/14/2012 23:32:34     21.206 N     64.610 W,,,
10/14/2012 23:34:33     21.205 N     64.616 W,,,
10/14/2012 23:36:33     21.205 N     64.622 W,,,
10/14/2012 23:38:33     21.205 N     64.628 W,,,
10/14/2012 23:40:33     21.204 N     64.634 W,,,
10/14/2012 23:42:34     21.204 N     64.640 W,,,
10/14/2012 23:44:34     21.204 N     64.646 W,,,
10/14/2012 23:46:34     21.204 N     64.652 W,,,
10/14/2012 23:48:33     21.203 N     64.658 W,,,
10/14/2012 23:50:33     21.203 N     64.663 W,,,
10/14/2012 23:52:33     21.203 N     64.669 W,,,
10/14/2012 23:54:33     21.202 N     64.675 W,,,
10/14/2012 23:56:34     21.202 N     64.681 W,,,
10/14/2012 23:58:34     21.202 N     64.687 W,,,
10/15/2012 00:00:34     21.202 N     64.693 W,,,
10/15/2012 00:02:34     21.201 N     64.699 W,,,
10/15/2012 00:04:33     21.201 N     64.705 W,,,
10/15/2012 00:06:33     21.201 N     64.711 W,,,
10/15/2012 00:08:33     21.201 N     64.717 W,,,
10/15/2012 00:10:33     21.200 N     64.723 W,,,
10/15/2012 00:12:34     21.200 N     64.729 W,,,
10/15/2012 00:14:34     21.200 N     64.734 W,,,
10/15/2012 00:16:34     21.199 N     64.740 W,,,
10/15/2012 00:18:33     21.199 N     64.746 W,,,
10/15/2012 00:19:29     21.199 N     64.749 W,,,
10/15/2012 00:21:28     21.197 N     64.747 W,,,
10/15/2012 00:23:28     21.196 N     64.746 W,,,
10/15/2012 00:25:28     21.194 N     64.745 W,,,
10/15/2012 00:27:29     21.193 N     64.743 W,,,
10/15/2012 00:29:29     21.192 N     64.742 W,,,
10/15/2012 00:31:29     21.191 N     64.741 W,,,
10/15/2012 00:33:29     21.190 N     64.739 W,,,
10/15/2012 00:35:28     21.190 N     64.738 W,,,
10/15/2012 00:37:28     21.189 N     64.737 W,,,
10/15/2012 00:39:28     21.189 N     64.736 W,,,
10/15/2012 00:41:28     21.189 N     64.735 W,,,
10/15/2012 00:43:29     21.189 N     64.734 W,,,
10/15/2012 00:45:29     21.189 N     64.733 W,,,
10/15/2012 00:47:29     21.189 N     64.732 W,,,
10/15/2012 00:49:29     21.189 N     64.731 W,,,
10/15/2012 00:51:28     21.190 N     64.730 W,,,
10/15/2012 00:51:59     21.190 N     64.730 W,,,
10/15/2012 00:54:00     21.191 N     64.729 W,,,
10/15/2012 00:56:00     21.192 N     64.729 W,,,
10/15/2012 00:58:00     21.193 N     64.728 W,,,
10/15/2012 01:00:00     21.194 N     64.727 W,,,
10/15/2012 01:01:59     21.196 N     64.727 W,,,
10/15/2012 01:03:59     21.197 N     64.726 W,,,
10/15/2012 01:05:59     21.198 N     64.725 W,,,
10/15/2012 01:08:00     21.199 N     64.725 W,,,
10/15/2012 01:10:00     21.200 N     64.724 W,,,
10/15/2012 01:12:00     21.201 N     64.723 W,,,
10/15/2012 01:14:00     21.202 N     64.723 W,,,
10/15/2012 01:15:59     21.203 N     64.722 W,,,
10/15/2012 01:17:59     21.204 N     64.721 W,,,
10/15/2012 01:19:59     21.206 N     64.721 W,,,
10/15/2012 01:21:59     21.207 N     64.720 W,,,
10/15/2012 01:24:00     21.208 N     64.719 W,,,
10/15/2012 01:24:29     21.208 N     64.719 W,,,
10/15/2012 01:26:29     21.209 N     64.718 W,,,
10/15/2012 01:28:29     21.210 N     64.718 W,,,
10/15/2012 01:30:30     21.211 N     64.717 W,,,
10/15/2012 01:32:30     21.213 N     64.717 W,,,
10/15/2012 01:34:30     21.214 N     64.716 W,,,
10/15/2012 01:36:30     21.215 N     64.715 W,,,
10/15/2012 01:38:29     21.216 N     64.715 W,,,
10/15/2012 01:40:29     21.217 N     64.714 W,,,
10/15/2012 01:42:29     21.219 N     64.714 W,,,
10/15/2012 01:44:29     21.220 N     64.713 W,,,
10/15/2012 01:46:30     21.221 N     64.713 W,,,
10/15/2012 01:48:30     21.222 N     64.712 W,,,
10/15/2012 01:50:30     21.224 N     64.712 W,,,
10/15/2012 01:52:30     21.225 N     64.711 W,,,
10/15/2012 01:54:29     21.226 N     64.711 W,,,
10/15/2012 01:56:29     21.228 N     64.710 W,,,
10/15/2012 01:58:29     21.229 N     64.710 W,,,
10/15/2012 02:00:30     21.230 N     64.709 W,,,
10/15/2012 02:02:30     21.232 N     64.709 W,,,
10/15/2012 02:04:30     21.233 N     64.709 W,,,
10/15/2012 02:06:30     21.234 N     64.708 W,,,
10/15/2012 02:08:29     21.236 N     64.708 W,,,
10/15/2012 02:10:29     21.237 N     64.708 W,,,
10/15/2012 02:12:29     21.239 N     64.707 W,,,
10/15/2012 02:14:29     21.240 N     64.707 W,,,
10/15/2012 02:16:30     21.242 N     64.707 W,,,
10/15/2012 02:18:30     21.243 N     64.706 W,,,
10/15/2012 02:20:30     21.245 N     64.706 W,,,
10/15/2012 02:22:30     21.246 N     64.706 W,,,
10/15/2012 02:24:29     21.248 N     64.706 W,,,
10/15/2012 02:26:29     21.249 N     64.706 W,,,
10/15/2012 02:28:29     21.251 N     64.706 W,,,
10/15/2012 02:30:30     21.252 N     64.706 W,,,
10/15/2012 02:32:30     21.254 N     64.705 W,,,
10/15/2012 02:34:30     21.256 N     64.705 W,,,
10/15/2012 02:36:30     21.257 N     64.705 W,,,
10/15/2012 02:38:29     21.259 N     64.705 W,,,
10/15/2012 02:40:29     21.261 N     64.705 W,,,
10/15/2012 02:42:29     21.263 N     64.705 W,,,
10/15/2012 02:44:29     21.264 N     64.706 W,,,
10/15/2012 02:46:30     21.266 N     64.706 W,,,
10/15/2012 02:48:30     21.268 N     64.706 W,,,
10/15/2012 02:50:30     21.270 N     64.706 W,,,
10/15/2012 02:52:30     21.272 N     64.706 W,,,
10/15/2012 02:54:29     21.274 N     64.706 W,,,
10/15/2012 02:56:29     21.276 N     64.707 W,,,
10/15/2012 02:58:29     21.278 N     64.707 W,,,
10/15/2012 03:00:30     21.280 N     64.707 W,,,
10/15/2012 03:02:30     21.282 N     64.708 W,,,
10/15/2012 03:04:30     21.284 N     64.708 W,,,
10/15/2012 03:06:30     21.286 N     64.708 W,,,
10/15/2012 03:08:29     21.288 N     64.709 W,,,
10/15/2012 03:10:29     21.290 N     64.709 W,,,
10/15/2012 03:12:29     21.292 N     64.710 W,,,
10/15/2012 03:14:29     21.294 N     64.710 W,,,
10/15/2012 03:16:30     21.297 N     64.711 W,,,
10/15/2012 03:18:30     21.299 N     64.712 W,,,
10/15/2012 03:20:30     21.301 N     64.712 W,,,
10/15/2012 03:22:30     21.303 N     64.713 W,,,
10/15/2012 03:24:29     21.306 N     64.714 W,,,
10/15/2012 03:26:29     21.308 N     64.714 W,,,
10/15/2012 03:28:29     21.311 N     64.715 W,,,
10/15/2012 03:30:30     21.313 N     64.716 W,,,
10/15/2012 03:32:30     21.316 N     64.717 W,,,
10/15/2012 03:34:30     21.318 N     64.718 W,,,
10/15/2012 03:36:30     21.321 N     64.719 W,,,
10/15/2012 03:38:29     21.323 N     64.720 W,,,
10/15/2012 03:40:29     21.326 N     64.721 W,,,
10/15/2012 03:42:29     21.329 N     64.722 W,,,
10/15/2012 03:44:29     21.331 N     64.723 W,,,
10/15/2012 03:46:30     21.334 N     64.724 W,,,
10/15/2012 03:48:30     21.337 N     64.726 W,,,
10/15/2012 03:50:30     21.340 N     64.727 W,,,
10/15/2012 03:52:30     21.343 N     64.728 W,,,
10/15/2012 03:54:29     21.346 N     64.730 W,,,
10/15/2012 03:56:29     21.349 N     64.731 W,,,
10/15/2012 03:58:29     21.352 N     64.732 W,,,
10/15/2012 04:00:30     21.355 N     64.734 W,,,
10/15/2012 04:02:30     21.358 N     64.735 W,,,
10/15/2012 04:04:30     21.361 N     64.737 W,,,
10/15/2012 04:06:30     21.364 N     64.739 W,,,
10/15/2012 04:08:29     21.367 N     64.740 W,,,
10/15/2012 04:10:29     21.370 N     64.742 W,,,
10/15/2012 04:12:29     21.374 N     64.744 W,,,
10/15/2012 04:14:29     21.377 N     64.746 W,,,
10/15/2012 04:16:30     21.380 N     64.748 W,,,
10/15/2012 04:18:30     21.384 N     64.750 W,,,
10/15/2012 04:20:30     21.387 N     64.752 W,,,
10/15/2012 04:22:30     21.391 N     64.754 W,,,
10/15/2012 04:24:29     21.394 N     64.756 W,,,
10/15/2012 04:26:29     21.398 N     64.758 W,,,
10/15/2012 04:28:29     21.402 N     64.760 W,,,
10/15/2012 04:30:30     21.405 N     64.762 W,,,
10/15/2012 04:32:30     21.409 N     64.765 W,,,
10/15/2012 04:34:30     21.413 N     64.767 W,,,
10/15/2012 04:36:30     21.417 N     64.769 W,,,
10/15/2012 04:38:29     21.421 N     64.772 W,,,
10/15/2012 04:40:29     21.425 N     64.774 W,,,
10/15/2012 04:42:29     21.429 N     64.777 W,,,
10/15/2012 04:44:29     21.433 N     64.780 W,,,
10/15/2012 04:46:30     21.437 N     64.782 W,,,
10/15/2012 04:48:30     21.441 N     64.785 W,,,
10/15/2012 04:50:30     21.445 N     64.788 W,,,
10/15/2012 04:52:30     21.449 N     64.791 W,,,
10/15/2012 04:54:29     21.454 N     64.794 W,,,
10/15/2012 04:56:29     21.458 N     64.797 W,,,
10/15/2012 04:58:29     21.462 N     64.800 W,,,
10/15/2012 05:00:30     21.467 N     64.803 W,,,
10/15/2012 05:02:30     21.471 N     64.806 W,,,
10/15/2012 05:04:30     21.476 N     64.809 W,,,
10/15/2012 05:06:30     21.480 N     64.812 W,,,
10/15/2012 05:08:29     21.485 N     64.815 W,,,
10/15/2012 05:10:29     21.489 N     64.818 W,,,
10/15/2012 05:12:29     21.494 N     64.822 W,,,
10/15/2012 05:14:29     21.499 N     64.825 W,,,
10/15/2012 05:16:30     21.503 N     64.828 W,,,
10/15/2012 05:18:30     21.508 N     64.832 W,,,
10/15/2012 05:20:30     21.513 N     64.835 W,,,
10/15/2012 05:22:30     21.518 N     64.839 W,,,
10/15/2012 05:24:29     21.523 N     64.842 W,,,
10/15/2012 05:26:29     21.527 N     64.846 W,,,
10/15/2012 05:28:29     21.532 N     64.849 W,,,
10/15/2012 05:30:30     21.537 N     64.853 W,,,
10/15/2012 05:32:30     21.542 N     64.856 W,,,
10/15/2012 05:34:30     21.547 N     64.860 W,,,
10/15/2012 05:36:30     21.552 N     64.864 W,,,
10/15/2012 05:38:29     21.557 N     64.868 W,,,
10/15/2012 05:40:29     21.562 N     64.871 W,,,
10/15/2012 05:42:29     21.567 N     64.875 W,,,
10/15/2012 05:44:29     21.573 N     64.879 W,,,
10/15/2012 05:46:30     21.578 N     64.883 W,,,
10/15/2012 05:48:30     21.583 N     64.887 W,,,
10/15/2012 05:50:30     21.588 N     64.891 W,,,
10/15/2012 05:52:30     21.593 N     64.895 W,,,
10/15/2012 05:54:29     21.599 N     64.899 W,,,
10/15/2012 05:56:29     21.604 N     64.903 W,,,
10/15/2012 05:58:29     21.609 N     64.907 W,,,
10/15/2012 06:00:30     21.615 N     64.911 W,,,
10/15/2012 06:02:30     21.620 N     64.915 W,,,
10/15/2012 06:04:30     21.625 N     64.919 W,,,
10/15/2012 06:06:30     21.631 N     64.923 W,,,
10/15/2012 06:08:29     21.636 N     64.927 W,,,
10/15/2012 06:10:29     21.642 N     64.931 W,,,
10/15/2012 06:12:29     21.647 N     64.935 W,,,
10/15/2012 06:14:29     21.653 N     64.939 W,,,
10/15/2012 06:16:30     21.658 N     64.944 W,,,
10/15/2012 06:18:30     21.664 N     64.948 W,,,
10/15/2012 06:20:30     21.669 N     64.952 W,,,
10/15/2012 06:22:30     21.675 N     64.956 W,,,
10/15/2012 06:24:29     21.680 N     64.961 W,,,
10/15/2012 06:26:29     21.686 N     64.965 W,,,
10/15/2012 06:28:29     21.692 N     64.969 W,,,
10/15/2012 06:30:30     21.697 N     64.974 W,,,
10/15/2012 06:32:30     21.703 N     64.978 W,,,
10/15/2012 06:34:30     21.708 N     64.982 W,,,
10/15/2012 06:36:30     21.714 N     64.987 W,,,
10/15/2012 06:38:29     21.720 N     64.991 W,,,
10/15/2012 06:40:29     21.725 N     64.995 W,,,
10/15/2012 06:42:29     21.731 N     65.000 W,,,
10/15/2012 06:44:29     21.737 N     65.004 W,,,
10/15/2012 06:46:30     21.742 N     65.008 W,,,
10/15/2012 06:48:30     21.748 N     65.013 W,,,
10/15/2012 06:50:30     21.754 N     65.017 W,,,
10/15/2012 06:52:30     21.760 N     65.022 W,,,
10/15/2012 06:54:29     21.765 N     65.026 W,,,
10/15/2012 06:56:29     21.771 N     65.030 W,,,
10/15/2012 06:58:29     21.777 N     65.035 W,,,
10/15/2012 07:00:30     21.783 N     65.039 W,,,
10/15/2012 07:02:30     21.788 N     65.044 W,,,
10/15/2012 07:04:30     21.794 N     65.048 W,,,
10/15/2012 07:06:30     21.800 N     65.052 W,,,
10/15/2012 07:08:29     21.806 N     65.057 W,,,
10/15/2012 07:10:29     21.811 N     65.061 W,,,
10/15/2012 07:12:29     21.817 N     65.066 W,,,
10/15/2012 07:14:29     21.823 N     65.070 W,,,
10/15/2012 07:16:30     21.829 N     65.074 W,,,
10/15/2012 07:18:30     21.834 N     65.079 W,,,
10/15/2012 07:20:30     21.840 N     65.083 W,,,
10/15/2012 07:22:30     21.846 N     65.088 W,,,
10/15/2012 07:24:29     21.852 N     65.092 W,,,
10/15/2012 07:26:29     21.857 N     65.096 W,,,
10/15/2012 07:28:29     21.863 N     65.101 W,,,
10/15/2012 07:30:30     21.869 N     65.105 W,,,
10/15/2012 07:32:30     21.875 N     65.109 W,,,
10/15/2012 07:34:30     21.880 N     65.114 W,,,
10/15/2012 07:36:30     21.886 N     65.118 W,,,
10/15/2012 07:38:29     21.892 N     65.122 W,,,
10/15/2012 07:40:29     21.898 N     65.127 W,,,
10/15/2012 07:42:29     21.903 N     65.131 W,,,
10/15/2012 07:44:29     21.909 N     65.135 W,,,
10/15/2012 07:46:30     21.915 N     65.140 W,,,
10/15/2012 07:48:30     21.920 N     65.144 W,,,
10/15/2012 07:50:30     21.926 N     65.148 W,,,
10/15/2012 07:52:30     21.932 N     65.152 W,,,
10/15/2012 07:54:29     21.937 N     65.156 W,,,
10/15/2012 07:56:29     21.943 N     65.161 W,,,
10/15/2012 07:58:29     21.949 N     65.165 W,,,
10/15/2012 08:00:30     21.954 N     65.169 W,,,
10/15/2012 08:02:30     21.960 N     65.173 W,,,
10/15/2012 08:04:30     21.966 N     65.177 W,,,
10/15/2012 08:06:30     21.971 N     65.181 W,,,
10/15/2012 08:08:29     21.977 N     65.185 W,,,
10/15/2012 08:10:29     21.982 N     65.189 W,,,
10/15/2012 08:12:29     21.988 N     65.193 W,,,
10/15/2012 08:14:29     21.993 N     65.197 W,,,
10/15/2012 08:16:30     21.999 N     65.201 W,,,
10/15/2012 08:18:30     22.004 N     65.205 W,,,
10/15/2012 08:20:30     22.010 N     65.209 W,,,
10/15/2012 08:22:30     22.015 N     65.213 W,,,
10/15/2012 08:24:29     22.021 N     65.217 W,,,
10/15/2012 08:26:29     22.026 N     65.220 W,,,
10/15/2012 08:28:29     22.031 N     65.224 W,,,
10/15/2012 08:30:30     22.037 N     65.228 W,,,
10/15/2012 08:32:30     22.042 N     65.232 W,,,
10/15/2012 08:34:30     22.047 N     65.235 W,,,
10/15/2012 08:36:30     22.053 N     65.239 W,,,
10/15/2012 08:38:29     22.058 N     65.243 W,,,
10/15/2012 08:40:29     22.063 N     65.246 W,,,
10/15/2012 08:42:29     22.069 N     65.250 W,,,
10/15/2012 08:44:29     22.074 N     65.254 W,,,
10/15/2012 08:46:30     22.079 N     65.257 W,,,
10/15/2012 08:48:30     22.084 N     65.261 W,,,
10/15/2012 08:50:30     22.090 N     65.264 W,,,
10/15/2012 08:52:30     22.095 N     65.268 W,,,
10/15/2012 08:54:29     22.100 N     65.272 W,,,
10/15/2012 08:56:29     22.105 N     65.275 W,,,
10/15/2012 08:58:29     22.110 N     65.279 W,,,
10/15/2012 09:00:30     22.116 N     65.282 W,,,
10/15/2012 09:02:30     22.121 N     65.285 W,,,
10/15/2012 09:04:30     22.126 N     65.289 W,,,
10/15/2012 09:06:30     22.131 N     65.292 W,,,
10/15/2012 09:08:29     22.136 N     65.296 W,,,
10/15/2012 09:10:29     22.141 N     65.299 W,,,
10/15/2012 09:12:29     22.146 N     65.302 W,,,
10/15/2012 09:14:29     22.151 N     65.306 W,,,
10/15/2012 09:16:30     22.156 N     65.309 W,,,
10/15/2012 09:18:30     22.161 N     65.312 W,,,
10/15/2012 09:20:30     22.166 N     65.316 W,,,
10/15/2012 09:22:30     22.171 N     65.319 W,,,
10/15/2012 09:24:29     22.176 N     65.322 W,,,
10/15/2012 09:26:29     22.181 N     65.325 W,,,
10/15/2012 09:28:29     22.186 N     65.328 W,,,
10/15/2012 09:30:30     22.191 N     65.332 W,,,
10/15/2012 09:32:30     22.196 N     65.335 W,,,
10/15/2012 09:34:30     22.201 N     65.338 W,,,
10/15/2012 09:36:30     22.206 N     65.341 W,,,
10/15/2012 09:38:29     22.211 N     65.344 W,,,
10/15/2012 09:40:29     22.216 N     65.347 W,,,
10/15/2012 09:42:29     22.221 N     65.350 W,,,
10/15/2012 09:44:29     22.226 N     65.354 W,,,
10/15/2012 09:46:30     22.231 N     65.357 W,,,
10/15/2012 09:48:30     22.236 N     65.360 W,,,
10/15/2012 09:50:30     22.240 N     65.363 W,,,
10/15/2012 09:52:30     22.245 N     65.366 W,,,
10/15/2012 09:54:29     22.250 N     65.369 W,,,
10/15/2012 09:56:29     22.255 N     65.372 W,,,
10/15/2012 09:58:29     22.260 N     65.375 W,,,
10/15/2012 10:00:30     22.265 N     65.378 W,,,
10/15/2012 10:02:30     22.269 N     65.381 W,,,
10/15/2012 10:04:30     22.274 N     65.384 W,,,
10/15/2012 10:06:30     22.279 N     65.387 W,,,
10/15/2012 10:08:29     22.284 N     65.389 W,,,
10/15/2012 10:10:29     22.289 N     65.392 W,,,
10/15/2012 10:12:29     22.293 N     65.395 W,,,
10/15/2012 10:14:29     22.298 N     65.398 W,,,
10/15/2012 10:16:30     22.303 N     65.401 W,,,
10/15/2012 10:18:30     22.308 N     65.404 W,,,
10/15/2012 10:20:30     22.312 N     65.407 W,,,
10/15/2012 10:22:30     22.317 N     65.410 W,,,
10/15/2012 10:24:29     22.322 N     65.412 W,,,
10/15/2012 10:26:29     22.327 N     65.415 W,,,
10/15/2012 10:28:29     22.331 N     65.418 W,,,
10/15/2012 10:30:30     22.336 N     65.421 W,,,
10/15/2012 10:32:30     22.341 N     65.424 W,,,
10/15/2012 10:34:30     22.345 N     65.427 W,,,
10/15/2012 10:36:30     22.350 N     65.429 W,,,
10/15/2012 10:38:29     22.355 N     65.432 W,,,
10/15/2012 10:39:51     22.358 N     65.434 W,,,
10/15/2012 10:41:51     22.365 N     65.436 W,,,
10/15/2012 10:43:51     22.371 N     65.439 W,,,
10/15/2012 10:45:52     22.378 N     65.441 W,,,
10/15/2012 10:47:52     22.384 N     65.444 W,,,
10/15/2012 10:49:52     22.390 N     65.446 W,,,
10/15/2012 10:51:52     22.396 N     65.449 W,,,
10/15/2012 10:53:51     22.402 N     65.451 W,,,
10/15/2012 10:55:51     22.408 N     65.454 W,,,
10/15/2012 10:57:51     22.413 N     65.456 W,,,
10/15/2012 10:59:51     22.419 N     65.459 W,,,
10/15/2012 11:01:52     22.424 N     65.461 W,,,
10/15/2012 11:03:52     22.429 N     65.464 W,,,
10/15/2012 11:05:52     22.434 N     65.466 W,,,
10/15/2012 11:07:52     22.439 N     65.469 W,,,
10/15/2012 11:09:51     22.444 N     65.472 W,,,
10/15/2012 11:11:51     22.449 N     65.474 W,,,
10/15/2012 11:13:51     22.454 N     65.477 W,,,
10/15/2012 11:15:52     22.458 N     65.480 W,,,
10/15/2012 11:17:52     22.463 N     65.482 W,,,
10/15/2012 11:19:52     22.467 N     65.485 W,,,
10/15/2012 11:21:52     22.471 N     65.488 W,,,
10/15/2012 11:23:51     22.475 N     65.490 W,,,
10/15/2012 11:25:51     22.479 N     65.493 W,,,
10/15/2012 11:27:51     22.483 N     65.496 W,,,
10/15/2012 11:29:51     22.487 N     65.499 W,,,
10/15/2012 11:31:52     22.491 N     65.501 W,,,
10/15/2012 11:33:52     22.495 N     65.504 W,,,
10/15/2012 11:35:52     22.498 N     65.507 W,,,
10/15/2012 11:37:52     22.502 N     65.510 W,,,
10/15/2012 11:39:51     22.505 N     65.513 W,,,
10/15/2012 11:41:51     22.509 N     65.516 W,,,
10/15/2012 11:43:51     22.512 N     65.518 W,,,
10/15/2012 11:45:52     22.515 N     65.521 W,,,
10/15/2012 11:47:52     22.518 N     65.524 W,,,
10/15/2012 11:49:52     22.521 N     65.527 W,,,
10/15/2012 11:51:52     22.524 N     65.530 W,,,
10/15/2012 11:51:54     22.524 N     65.530 W,,,
10/15/2012 11:53:54     22.526 N     65.533 W,,,
10/15/2012 11:55:54     22.528 N     65.536 W,,,
10/15/2012 11:57:54     22.530 N     65.539 W,,,
10/15/2012 11:59:53     22.532 N     65.542 W,,,
10/15/2012 12:01:53     22.534 N     65.545 W,,,
10/15/2012 12:03:53     22.536 N     65.548 W,,,
10/15/2012 12:05:53     22.538 N     65.551 W,,,
10/15/2012 12:07:54     22.540 N     65.554 W,,,
10/15/2012 12:09:54     22.542 N     65.557 W,,,
10/15/2012 12:11:54     22.544 N     65.560 W,,,
10/15/2012 12:13:53     22.546 N     65.563 W,,,
10/15/2012 12:15:53     22.548 N     65.566 W,,,
10/15/2012 12:17:53     22.550 N     65.569 W,,,
10/15/2012 12:19:53     22.552 N     65.572 W,,,
10/15/2012 12:21:54     22.554 N     65.575 W,,,
10/15/2012 12:23:54     22.556 N     65.578 W,,,
10/15/2012 12:25:54     22.558 N     65.581 W,,,
10/15/2012 12:27:54     22.560 N     65.584 W,,,
10/15/2012 12:29:53     22.562 N     65.588 W,,,
10/15/2012 12:31:53     22.564 N     65.591 W,,,
10/15/2012 12:33:53     22.566 N     65.594 W,,,
10/15/2012 12:35:53     22.568 N     65.597 W,,,
10/15/2012 12:37:54     22.570 N     65.600 W,,,
10/15/2012 12:39:54     22.572 N     65.603 W,,,
10/15/2012 12:41:54     22.574 N     65.606 W,,,
10/15/2012 12:43:53     22.576 N     65.609 W,,,
10/15/2012 12:45:53     22.578 N     65.612 W,,,
10/15/2012 12:47:53     22.580 N     65.615 W,,,
10/15/2012 12:49:53     22.582 N     65.618 W,,,
10/15/2012 12:51:54     22.584 N     65.621 W,,,
10/15/2012 12:53:54     22.586 N     65.624 W,,,
10/15/2012 12:55:54     22.588 N     65.627 W,,,
10/15/2012 12:57:54     22.590 N     65.630 W,,,
10/15/2012 12:59:53     22.592 N     65.633 W,,,
10/15/2012 13:01:53     22.594 N     65.636 W,,,
10/15/2012 13:03:53     22.596 N     65.639 W,,,
10/15/2012 13:05:53     22.598 N     65.642 W,,,
10/15/2012 13:06:33     22.599 N     65.643 W,,,
10/15/2012 13:08:33     22.601 N     65.646 W,,,
10/15/2012 13:10:33     22.603 N     65.649 W,,,
10/15/2012 13:12:34     22.605 N     65.651 W,,,
10/15/2012 13:14:34     22.608 N     65.654 W,,,
10/15/2012 13:16:34     22.610 N     65.657 W,,,
10/15/2012 13:18:33     22.612 N     65.660 W,,,
10/15/2012 13:20:33     22.614 N     65.662 W,,,
10/15/2012 13:22:33     22.616 N     65.665 W,,,
10/15/2012 13:24:33     22.619 N     65.668 W,,,
10/15/2012 13:26:34     22.621 N     65.670 W,,,
10/15/2012 13:28:34     22.623 N     65.673 W,,,
10/15/2012 13:30:34     22.625 N     65.675 W,,,
10/15/2012 13:32:34     22.628 N     65.678 W,,,
10/15/2012 13:34:33     22.630 N     65.680 W,,,
10/15/2012 13:36:33     22.632 N     65.683 W,,,
10/15/2012 13:38:33     22.634 N     65.685 W,,,
10/15/2012 13:40:33     22.637 N     65.688 W,,,
10/15/2012 13:42:34     22.639 N     65.690 W,,,
10/15/2012 13:44:34     22.641 N     65.693 W,,,
10/15/2012 13:46:34     22.644 N     65.695 W,,,
10/15/2012 13:48:33     22.646 N     65.697 W,,,
10/15/2012 13:50:33     22.649 N     65.700 W,,,
10/15/2012 13:52:33     22.651 N     65.702 W,,,
10/15/2012 13:54:33     22.653 N     65.704 W,,,
10/15/2012 13:56:34     22.656 N     65.707 W,,,
10/15/2012 13:58:34     22.658 N     65.709 W,,,
10/15/2012 14:00:34     22.661 N     65.711 W,,,
10/15/2012 14:02:34     22.663 N     65.713 W,,,
10/15/2012 14:04:33     22.666 N     65.715 W,,,
10/15/2012 14:06:33     22.668 N     65.717 W,,,
10/15/2012 14:08:33     22.671 N     65.719 W,,,
10/15/2012 14:10:33     22.673 N     65.722 W,,,
10/15/2012 14:12:34     22.676 N     65.724 W,,,
10/15/2012 14:14:34     22.678 N     65.725 W,,,
10/15/2012 14:16:34     22.681 N     65.727 W,,,
10/15/2012 14:18:33     22.684 N     65.729 W,,,
10/15/2012 14:20:33     22.686 N     65.731 W,,,
10/15/2012 14:22:33     22.689 N     65.733 W,,,
10/15/2012 14:24:33     22.692 N     65.735 W,,,
10/15/2012 14:26:34     22.694 N     65.737 W,,,
10/15/2012 14:28:34     22.697 N     65.738 W,,,
10/15/2012 14:30:34     22.700 N     65.740 W,,,
10/15/2012 14:32:34     22.703 N     65.742 W,,,
10/15/2012 14:34:33     22.705 N     65.743 W,,,
10/15/2012 14:36:33     22.708 N     65.745 W,,,
10/15/2012 14:38:33     22.711 N     65.746 W,,,
10/15/2012 14:40:33     22.714 N     65.748 W,,,
10/15/2012 14:42:34     22.717 N     65.749 W,,,
10/15/2012 14:44:34     22.720 N     65.751 W,,,
10/15/2012 14:46:34     22.722 N     65.752 W,,,
10/15/2012 14:48:33     22.725 N     65.753 W,,,
10/15/2012 14:50:33     22.728 N     65.755 W,,,
10/15/2012 14:52:33     22.731 N     65.756 W,,,
10/15/2012 14:54:33     22.734 N     65.757 W,,,
10/15/2012 14:56:34     22.737 N     65.758 W,,,
10/15/2012 14:58:34     22.740 N     65.760 W,,,
10/15/2012 15:00:34     22.743 N     65.761 W,,,
10/15/2012 15:02:34     22.747 N     65.762 W,,,
10/15/2012 15:04:33     22.750 N     65.763 W,,,
10/15/2012 15:06:33     22.753 N     65.764 W,,,
10/15/2012 15:08:33     22.756 N     65.765 W,,,
10/15/2012 15:10:33     22.759 N     65.765 W,,,
10/15/2012 15:12:34     22.762 N     65.766 W,,,
10/15/2012 15:14:34     22.766 N     65.767 W,,,
10/15/2012 15:16:34     22.769 N     65.768 W,,,
10/15/2012 15:18:33     22.772 N     65.768 W,,,
10/15/2012 15:20:33     22.775 N     65.769 W,,,
10/15/2012 15:22:33     22.779 N     65.770 W,,,
10/15/2012 15:24:33     22.782 N     65.770 W,,,
10/15/2012 15:26:34     22.786 N     65.771 W,,,
10/15/2012 15:28:34     22.789 N     65.771 W,,,
10/15/2012 15:30:34     22.792 N     65.772 W,,,
10/15/2012 15:32:34     22.796 N     65.772 W,,,
10/15/2012 15:34:33     22.799 N     65.772 W,,,
10/15/2012 15:36:33     22.803 N     65.773 W,,,
10/15/2012 15:38:33     22.807 N     65.773 W,,,
10/15/2012 15:40:33     22.810 N     65.773 W,,,
10/15/2012 15:42:34     22.814 N     65.773 W,,,
10/15/2012 15:44:34     22.817 N     65.773 W,,,
10/15/2012 15:46:34     22.821 N     65.774 W,,,
10/15/2012 15:48:33     22.825 N     65.774 W,,,
10/15/2012 15:50:33     22.829 N     65.774 W,,,
10/15/2012 15:52:33     22.832 N     65.774 W,,,
10/15/2012 15:54:33     22.836 N     65.774 W,,,
10/15/2012 15:56:34     22.840 N     65.774 W,,,
10/15/2012 15:58:34     22.844 N     65.774 W,,,
10/15/2012 16:00:34     22.848 N     65.774 W,,,
10/15/2012 16:02:34     22.852 N     65.773 W,,,
10/15/2012 16:04:33     22.856 N     65.773 W,,,
10/15/2012 16:06:33     22.860 N     65.773 W,,,
10/15/2012 16:08:33     22.864 N     65.773 W,,,
10/15/2012 16:10:33     22.868 N     65.773 W,,,
10/15/2012 16:12:33     22.872 N     65.772 W,,,
10/15/2012 16:14:33     22.876 N     65.772 W,,,
10/15/2012 16:16:33     22.880 N     65.772 W,,,
10/15/2012 16:18:34     22.884 N     65.771 W,,,
10/15/2012 16:20:34     22.889 N     65.771 W,,,
10/15/2012 16:22:34     22.893 N     65.770 W,,,
10/15/2012 16:24:34     22.897 N     65.770 W,,,
10/15/2012 16:26:34     22.902 N     65.770 W,,,
10/15/2012 16:28:34     22.906 N     65.769 W,,,
10/15/2012 16:30:34     22.910 N     65.769 W,,,
10/15/2012 16:32:34     22.915 N     65.768 W,,,
10/15/2012 16:34:33     22.919 N     65.767 W,,,
10/15/2012 16:36:33     22.924 N     65.767 W,,,
10/15/2012 16:38:33     22.928 N     65.766 W,,,
10/15/2012 16:40:33     22.933 N     65.766 W,,,
10/15/2012 16:42:33     22.938 N     65.765 W,,,
10/15/2012 16:44:33     22.942 N     65.764 W,,,
10/15/2012 16:46:33     22.947 N     65.764 W,,,
10/15/2012 16:48:34     22.952 N     65.763 W,,,
10/15/2012 16:50:34     22.956 N     65.762 W,,,
10/15/2012 16:52:34     22.961 N     65.762 W,,,
10/15/2012 16:54:34     22.966 N     65.761 W,,,
10/15/2012 16:56:34     22.971 N     65.760 W,,,
10/15/2012 16:58:34     22.976 N     65.759 W,,,
10/15/2012 17:00:34     22.981 N     65.759 W,,,
10/15/2012 17:02:34     22.986 N     65.758 W,,,
10/15/2012 17:04:33     22.991 N     65.757 W,,,
10/15/2012 17:06:33     22.996 N     65.756 W,,,
10/15/2012 17:08:33     23.001 N     65.756 W,,,
10/15/2012 17:10:33     23.007 N     65.755 W,,,
10/15/2012 17:12:33     23.012 N     65.754 W,,,
10/15/2012 17:14:33     23.017 N     65.753 W,,,
10/15/2012 17:16:33     23.022 N     65.752 W,,,
10/15/2012 17:18:34     23.028 N     65.751 W,,,
10/15/2012 17:20:34     23.033 N     65.751 W,,,
10/15/2012 17:22:34     23.039 N     65.750 W,,,
10/15/2012 17:24:34     23.044 N     65.749 W,,,
10/15/2012 17:26:34     23.050 N     65.748 W,,,
10/15/2012 17:28:34     23.055 N     65.747 W,,,
10/15/2012 17:30:34     23.061 N     65.746 W,,,
10/15/2012 17:32:34     23.066 N     65.745 W,,,
10/15/2012 17:34:33     23.072 N     65.744 W,,,
10/15/2012 17:36:33     23.078 N     65.744 W,,,
10/15/2012 17:38:33     23.084 N     65.743 W,,,
10/15/2012 17:40:33     23.089 N     65.742 W,,,
10/15/2012 17:42:33     23.095 N     65.741 W,,,
10/15/2012 17:44:33     23.101 N     65.740 W,,,
10/15/2012 17:46:33     23.107 N     65.739 W,,,
10/15/2012 17:48:34     23.113 N     65.738 W,,,
10/15/2012 17:50:34     23.119 N     65.737 W,,,
10/15/2012 17:52:34     23.126 N     65.736 W,,,
10/15/2012 17:54:34     23.132 N     65.736 W,,,
10/15/2012 17:56:34     23.138 N     65.735 W,,,
10/15/2012 17:58:34     23.144 N     65.734 W,,,
10/15/2012 18:00:34     23.150 N     65.733 W,,,
10/15/2012 18:02:34     23.157 N     65.732 W,,,
10/15/2012 18:04:33     23.163 N     65.731 W,,,
10/15/2012 18:06:33     23.170 N     65.730 W,,,
10/15/2012 18:08:33     23.176 N     65.730 W,,,
10/15/2012 18:10:33     23.183 N     65.729 W,,,
10/15/2012 18:12:33     23.189 N     65.728 W,,,
10/15/2012 18:14:33     23.196 N     65.727 W,,,
10/15/2012 18:16:33     23.203 N     65.726 W,,,
10/15/2012 18:18:34     23.209 N     65.726 W,,,
10/15/2012 18:20:34     23.216 N     65.725 W,,,
10/15/2012 18:22:34     23.223 N     65.724 W,,,
10/15/2012 18:24:34     23.230 N     65.723 W,,,
10/15/2012 18:26:34     23.237 N     65.723 W,,,
10/15/2012 18:28:34     23.244 N     65.722 W,,,
10/15/2012 18:30:34     23.251 N     65.721 W,,,
10/15/2012 18:32:34     23.258 N     65.721 W,,,
10/15/2012 18:34:33     23.265 N     65.720 W,,,
10/15/2012 18:36:33     23.273 N     65.719 W,,,
10/15/2012 18:38:33     23.280 N     65.719 W,,,
10/15/2012 18:40:33     23.287 N     65.718 W,,,
10/15/2012 18:42:33     23.295 N     65.717 W,,,
10/15/2012 18:44:33     23.302 N     65.717 W,,,
10/15/2012 18:46:33     23.310 N     65.716 W,,,
10/15/2012 18:48:34     23.317 N     65.716 W,,,
10/15/2012 18:50:34     23.325 N     65.715 W,,,
10/15/2012 18:52:34     23.332 N     65.715 W,,,
10/15/2012 18:54:34     23.340 N     65.714 W,,,
10/15/2012 18:56:34     23.348 N     65.714 W,,,
10/15/2012 18:58:34     23.355 N     65.713 W,,,
10/15/2012 19:00:34     23.363 N     65.713 W,,,
10/15/2012 19:02:34     23.371 N     65.712 W,,,
10/15/2012 19:04:33     23.379 N     65.712 W,,,
10/15/2012 19:06:33     23.387 N     65.711 W,,,
10/15/2012 19:08:33     23.395 N     65.711 W,,,
10/15/2012 19:10:33     23.403 N     65.710 W,,,
10/15/2012 19:12:33     23.411 N     65.710 W,,,
10/15/2012 19:14:33     23.419 N     65.710 W,,,
10/15/2012 19:16:33     23.427 N     65.709 W,,,
10/15/2012 19:18:34     23.435 N     65.709 W,,,
10/15/2012 19:20:34     23.443 N     65.709 W,,,
10/15/2012 19:22:34     23.452 N     65.708 W,,,
10/15/2012 19:24:34     23.460 N     65.708 W,,,
10/15/2012 19:26:34     23.468 N     65.708 W,,,
10/15/2012 19:28:34     23.477 N     65.707 W,,,
10/15/2012 19:30:34     23.485 N     65.707 W,,,
10/15/2012 19:32:34     23.494 N     65.707 W,,,
10/15/2012 19:34:33     23.502 N     65.706 W,,,
10/15/2012 19:36:33     23.511 N     65.706 W,,,
10/15/2012 19:38:33     23.519 N     65.706 W,,,
10/15/2012 19:40:33     23.528 N     65.706 W,,,
10/15/2012 19:42:33     23.536 N     65.705 W,,,
10/15/2012 19:44:33     23.545 N     65.705 W,,,
10/15/2012 19:46:33     23.554 N     65.705 W,,,
10/15/2012 19:48:34     23.562 N     65.705 W,,,
10/15/2012 19:50:34     23.571 N     65.705 W,,,
10/15/2012 19:52:34     23.580 N     65.704 W,,,
10/15/2012 19:54:34     23.589 N     65.704 W,,,
10/15/2012 19:56:34     23.598 N     65.704 W,,,
10/15/2012 19:58:34     23.606 N     65.704 W,,,
10/15/2012 20:00:34     23.615 N     65.704 W,,,
10/15/2012 20:02:34     23.624 N     65.704 W,,,
10/15/2012 20:04:33     23.633 N     65.703 W,,,
10/15/2012 20:06:33     23.642 N     65.703 W,,,
10/15/2012 20:08:33     23.651 N     65.703 W,,,
10/15/2012 20:10:33     23.660 N     65.703 W,,,
10/15/2012 20:12:33     23.669 N     65.703 W,,,
10/15/2012 20:14:33     23.678 N     65.703 W,,,
10/15/2012 20:16:33     23.688 N     65.703 W,,,
10/15/2012 20:18:34     23.697 N     65.703 W,,,
10/15/2012 20:20:34     23.706 N     65.703 W,,,
10/15/2012 20:22:34     23.715 N     65.703 W,,,
10/15/2012 20:24:34     23.724 N     65.702 W,,,
10/15/2012 20:26:34     23.733 N     65.702 W,,,
10/15/2012 20:28:34     23.743 N     65.702 W,,,
10/15/2012 20:30:34     23.752 N     65.702 W,,,
10/15/2012 20:32:34     23.761 N     65.702 W,,,
10/15/2012 20:34:33     23.771 N     65.702 W,,,
10/15/2012 20:36:33     23.780 N     65.702 W,,,
10/15/2012 20:38:33     23.789 N     65.702 W,,,
10/15/2012 20:40:33     23.799 N     65.702 W,,,
10/15/2012 20:42:33     23.808 N     65.702 W,,,
10/15/2012 20:44:33     23.817 N     65.702 W,,,
10/15/2012 20:46:33     23.827 N     65.702 W,,,
10/15/2012 20:48:34     23.836 N     65.702 W,,,
10/15/2012 20:50:34     23.846 N     65.702 W,,,
10/15/2012 20:52:34     23.855 N     65.702 W,,,
10/15/2012 20:54:34     23.865 N     65.702 W,,,
10/15/2012 20:56:34     23.874 N     65.702 W,,,
10/15/2012 20:58:34     23.884 N     65.702 W,,,
10/15/2012 21:00:34     23.893 N     65.702 W,,,
10/15/2012 21:02:34     23.903 N     65.702 W,,,
10/15/2012 21:04:33     23.912 N     65.702 W,,,
10/15/2012 21:06:33     23.922 N     65.703 W,,,
10/15/2012 21:08:33     23.931 N     65.703 W,,,
10/15/2012 21:10:33     23.941 N     65.703 W,,,
10/15/2012 21:12:33     23.951 N     65.703 W,,,
10/15/2012 21:14:33     23.960 N     65.703 W,,,
10/15/2012 21:16:33     23.970 N     65.703 W,,,
10/15/2012 21:18:34     23.979 N     65.703 W,,,
10/15/2012 21:20:34     23.989 N     65.703 W,,,
10/15/2012 21:22:34     23.999 N     65.703 W,,,
10/15/2012 21:23:14     24.002 N     65.703 W,,,
10/15/2012 21:25:14     24.012 N     65.703 W,,,
10/15/2012 21:27:15     24.021 N     65.703 W,,,
10/15/2012 21:29:15     24.031 N     65.703 W,,,
10/15/2012 21:31:15     24.041 N     65.703 W,,,
10/15/2012 21:33:15     24.050 N     65.703 W,,,
10/15/2012 21:35:15     24.060 N     65.703 W,,,
10/15/2012 21:37:15     24.070 N     65.704 W,,,
10/15/2012 21:39:15     24.079 N     65.704 W,,,
10/15/2012 21:41:15     24.089 N     65.704 W,,,
10/15/2012 21:43:14     24.099 N     65.704 W,,,
10/15/2012 21:45:14     24.108 N     65.704 W,,,
10/15/2012 21:47:14     24.118 N     65.704 W,,,
10/15/2012 21:48:28     24.124 N     65.704 W,,,
10/15/2012 21:50:29     24.134 N     65.703 W,,,
10/15/2012 21:52:29     24.143 N     65.703 W,,,
10/15/2012 21:54:29     24.152 N     65.702 W,,,
10/15/2012 21:56:29     24.162 N     65.701 W,,,
10/15/2012 21:58:29     24.171 N     65.700 W,,,
10/15/2012 22:00:29     24.180 N     65.698 W,,,
10/15/2012 22:02:29     24.188 N     65.697 W,,,
10/15/2012 22:04:29     24.196 N     65.695 W,,,
10/15/2012 22:06:28     24.204 N     65.694 W,,,
10/15/2012 22:08:28     24.212 N     65.692 W,,,
10/15/2012 22:10:28     24.219 N     65.691 W,,,
10/15/2012 22:12:25     24.226 N     65.689 W,,,
10/15/2012 22:14:25     24.232 N     65.686 W,,,
10/15/2012 22:16:25     24.238 N     65.683 W,,,
10/15/2012 22:18:25     24.243 N     65.680 W,,,
10/15/2012 22:20:25     24.248 N     65.677 W,,,
10/15/2012 22:22:25     24.252 N     65.674 W,,,
10/15/2012 22:24:24     24.256 N     65.671 W,,,
10/15/2012 22:26:24     24.260 N     65.668 W,,,
10/15/2012 22:28:24     24.264 N     65.665 W,,,
10/15/2012 22:30:24     24.267 N     65.663 W,,,
10/15/2012 22:32:24     24.270 N     65.661 W,,,
10/15/2012 22:34:24     24.273 N     65.660 W,,,
10/15/2012 22:36:24     24.276 N     65.659 W,,,
10/15/2012 22:38:24     24.278 N     65.659 W,,,
10/15/2012 22:40:25     24.281 N     65.660 W,,,
10/15/2012 22:41:00     24.282 N     65.660 W,,,
10/15/2012 22:43:00     24.282 N     65.664 W,,,
10/15/2012 22:45:00     24.282 N     65.668 W,,,
10/15/2012 22:47:00     24.283 N     65.672 W,,,
10/15/2012 22:49:01     24.283 N     65.677 W,,,
10/15/2012 22:51:01     24.285 N     65.681 W,,,
10/15/2012 22:53:01     24.286 N     65.685 W,,,
10/15/2012 22:55:01     24.289 N     65.689 W,,,
10/15/2012 22:57:01     24.293 N     65.693 W,,,
10/15/2012 22:59:01     24.298 N     65.696 W,,,
10/15/2012 23:01:01     24.305 N     65.698 W,,,
10/15/2012 23:02:34     24.310 N     65.700 W,,,
10/15/2012 23:04:33     24.317 N     65.702 W,,,
10/15/2012 23:06:33     24.324 N     65.704 W,,,
10/15/2012 23:08:33     24.333 N     65.706 W,,,
10/15/2012 23:10:33     24.343 N     65.707 W,,,
10/15/2012 23:12:33     24.354 N     65.707 W,,,
10/15/2012 23:14:33     24.365 N     65.707 W,,,
10/15/2012 23:16:33     24.376 N     65.707 W,,,
10/15/2012 23:18:34     24.388 N     65.705 W,,,
10/15/2012 23:18:40     24.389 N     65.705 W,,,
10/15/2012 23:20:40     24.399 N     65.702 W,,,
10/15/2012 23:22:40     24.409 N     65.697 W,,,
10/15/2012 23:24:41     24.419 N     65.691 W,,,
10/15/2012 23:26:41     24.429 N     65.683 W,,,
10/15/2012 23:28:41     24.439 N     65.674 W,,,
10/15/2012 23:30:41     24.448 N     65.663 W,,,
10/15/2012 23:32:41     24.458 N     65.651 W,,,
10/15/2012 23:34:41     24.468 N     65.639 W,,,
10/15/2012 23:36:41     24.477 N     65.626 W,,,
10/15/2012 23:38:40     24.487 N     65.612 W,,,
10/15/2012 23:40:40     24.496 N     65.599 W,,,
10/15/2012 23:42:40     24.505 N     65.587 W,,,
10/15/2012 23:44:40     24.513 N     65.575 W,,,
10/15/2012 23:46:40     24.521 N     65.564 W,,,
10/15/2012 23:48:40     24.528 N     65.555 W,,,
10/15/2012 23:50:40     24.535 N     65.547 W,,,
10/15/2012 23:52:40     24.542 N     65.541 W,,,
10/15/2012 23:54:41     24.547 N     65.536 W,,,
10/15/2012 23:55:13     24.549 N     65.535 W,,,
10/15/2012 23:57:13     24.553 N     65.536 W,,,
10/15/2012 23:59:13     24.558 N     65.536 W,,,
10/16/2012 00:01:13     24.562 N     65.537 W,,,
10/16/2012 00:03:13     24.566 N     65.537 W,,,
10/16/2012 00:05:13     24.571 N     65.538 W,,,
10/16/2012 00:07:12     24.575 N     65.538 W,,,
10/16/2012 00:09:12     24.579 N     65.539 W,,,
10/16/2012 00:11:12     24.584 N     65.539 W,,,
10/16/2012 00:13:12     24.588 N     65.540 W,,,
10/16/2012 00:13:14     24.588 N     65.540 W,,,
10/16/2012 00:15:14     24.592 N     65.541 W,,,
10/16/2012 00:17:14     24.597 N     65.541 W,,,
10/16/2012 00:19:14     24.601 N     65.542 W,,,
10/16/2012 00:21:14     24.605 N     65.542 W,,,
10/16/2012 00:23:14     24.610 N     65.543 W,,,
10/16/2012 00:25:13     24.614 N     65.543 W,,,
10/16/2012 00:27:13     24.619 N     65.544 W,,,
10/16/2012 00:29:13     24.623 N     65.544 W,,,
10/16/2012 00:31:13     24.627 N     65.545 W,,,
10/16/2012 00:33:13     24.632 N     65.545 W,,,
10/16/2012 00:35:13     24.636 N     65.546 W,,,
10/16/2012 00:37:13     24.641 N     65.546 W,,,
10/16/2012 00:39:14     24.645 N     65.547 W,,,
10/16/2012 00:41:14     24.649 N     65.547 W,,,
10/16/2012 00:43:14     24.654 N     65.548 W,,,
10/16/2012 00:45:14     24.658 N     65.548 W,,,
10/16/2012 00:47:14     24.663 N     65.549 W,,,
10/16/2012 00:49:14     24.667 N     65.549 W,,,
10/16/2012 00:51:14     24.672 N     65.550 W,,,
10/16/2012 00:53:14     24.676 N     65.550 W,,,
10/16/2012 00:55:13     24.681 N     65.551 W,,,
10/16/2012 00:57:13     24.685 N     65.551 W,,,
10/16/2012 00:59:13     24.690 N     65.552 W,,,
10/16/2012 01:01:13     24.694 N     65.552 W,,,
10/16/2012 01:03:13     24.699 N     65.553 W,,,
10/16/2012 01:05:13     24.704 N     65.553 W,,,
10/16/2012 01:07:13     24.708 N     65.554 W,,,
10/16/2012 01:09:14     24.713 N     65.554 W,,,
10/16/2012 01:11:14     24.717 N     65.554 W,,,
10/16/2012 01:13:14     24.722 N     65.555 W,,,
10/16/2012 01:15:14     24.727 N     65.555 W,,,
10/16/2012 01:17:14     24.731 N     65.556 W,,,
10/16/2012 01:19:14     24.736 N     65.556 W,,,
10/16/2012 01:21:14     24.741 N     65.556 W,,,
10/16/2012 01:23:14     24.746 N     65.557 W,,,
10/16/2012 01:25:13     24.750 N     65.557 W,,,
10/16/2012 01:27:13     24.755 N     65.558 W,,,
10/16/2012 01:29:13     24.760 N     65.558 W,,,
10/16/2012 01:31:13     24.765 N     65.558 W,,,
10/16/2012 01:33:13     24.770 N     65.559 W,,,
10/16/2012 01:35:13     24.775 N     65.559 W,,,
10/16/2012 01:37:13     24.779 N     65.559 W,,,
10/16/2012 01:39:14     24.784 N     65.560 W,,,
10/16/2012 01:41:14     24.789 N     65.560 W,,,
10/16/2012 01:43:14     24.794 N     65.560 W,,,
10/16/2012 01:45:14     24.799 N     65.560 W,,,
10/16/2012 01:47:14     24.804 N     65.561 W,,,
10/16/2012 01:49:14     24.809 N     65.561 W,,,
10/16/2012 01:51:14     24.814 N     65.561 W,,,
10/16/2012 01:53:14     24.819 N     65.561 W,,,
10/16/2012 01:55:13     24.825 N     65.562 W,,,
10/16/2012 01:57:13     24.830 N     65.562 W,,,
10/16/2012 01:59:13     24.835 N     65.562 W,,,
10/16/2012 02:01:13     24.840 N     65.562 W,,,
10/16/2012 02:03:13     24.845 N     65.562 W,,,
10/16/2012 02:05:13     24.851 N     65.563 W,,,
10/16/2012 02:07:13     24.856 N     65.563 W,,,
10/16/2012 02:09:14     24.861 N     65.563 W,,,
10/16/2012 02:11:14     24.867 N     65.563 W,,,
10/16/2012 02:13:14     24.872 N     65.563 W,,,
10/16/2012 02:15:14     24.877 N     65.563 W,,,
10/16/2012 02:17:14     24.883 N     65.563 W,,,
10/16/2012 02:19:14     24.888 N     65.563 W,,,
10/16/2012 02:21:14     24.894 N     65.563 W,,,
10/16/2012 02:23:14     24.899 N     65.563 W,,,
10/16/2012 02:25:13     24.905 N     65.564 W,,,
10/16/2012 02:27:13     24.910 N     65.564 W,,,
10/16/2012 02:29:13     24.916 N     65.564 W,,,
10/16/2012 02:31:13     24.922 N     65.564 W,,,
10/16/2012 02:33:13     24.927 N     65.564 W,,,
10/16/2012 02:35:13     24.933 N     65.563 W,,,
10/16/2012 02:37:13     24.939 N     65.563 W,,,
10/16/2012 02:39:14     24.945 N     65.563 W,,,
10/16/2012 02:41:14     24.951 N     65.563 W,,,
10/16/2012 02:43:14     24.957 N     65.563 W,,,
10/16/2012 02:45:14     24.962 N     65.563 W,,,
10/16/2012 02:47:14     24.968 N     65.563 W,,,
10/16/2012 02:49:14     24.974 N     65.563 W,,,
10/16/2012 02:51:14     24.981 N     65.563 W,,,
10/16/2012 02:53:14     24.987 N     65.562 W,,,
10/16/2012 02:55:13     24.993 N     65.562 W,,,
10/16/2012 02:57:13     24.999 N     65.562 W,,,
10/16/2012 02:59:13     25.005 N     65.562 W,,,
10/16/2012 03:01:13     25.011 N     65.562 W,,,
10/16/2012 03:03:13     25.018 N     65.561 W,,,
10/16/2012 03:05:13     25.024 N     65.561 W,,,
10/16/2012 03:07:13     25.030 N     65.561 W,,,
10/16/2012 03:09:14     25.037 N     65.560 W,,,
10/16/2012 03:11:14     25.043 N     65.560 W,,,
10/16/2012 03:13:14     25.050 N     65.560 W,,,
10/16/2012 03:15:14     25.056 N     65.559 W,,,
10/16/2012 03:17:14     25.063 N     65.559 W,,,
10/16/2012 03:19:14     25.069 N     65.559 W,,,
10/16/2012 03:21:14     25.076 N     65.558 W,,,
10/16/2012 03:23:14     25.083 N     65.558 W,,,
10/16/2012 03:25:13     25.090 N     65.557 W,,,
10/16/2012 03:27:13     25.096 N     65.557 W,,,
10/16/2012 03:29:13     25.103 N     65.556 W,,,
10/16/2012 03:31:13     25.110 N     65.556 W,,,
10/16/2012 03:33:13     25.117 N     65.555 W,,,
10/16/2012 03:35:13     25.124 N     65.555 W,,,
10/16/2012 03:37:13     25.131 N     65.554 W,,,
10/16/2012 03:39:14     25.138 N     65.553 W,,,
10/16/2012 03:41:14     25.146 N     65.553 W,,,
10/16/2012 03:43:14     25.153 N     65.552 W,,,
10/16/2012 03:45:14     25.160 N     65.552 W,,,
10/16/2012 03:47:14     25.167 N     65.551 W,,,
10/16/2012 03:49:14     25.175 N     65.550 W,,,
10/16/2012 03:51:14     25.182 N     65.549 W,,,
10/16/2012 03:53:14     25.190 N     65.549 W,,,
10/16/2012 03:55:13     25.197 N     65.548 W,,,
10/16/2012 03:57:13     25.205 N     65.547 W,,,
10/16/2012 03:59:13     25.212 N     65.546 W,,,
10/16/2012 04:01:13     25.220 N     65.545 W,,,
10/16/2012 04:03:13     25.228 N     65.545 W,,,
10/16/2012 04:05:13     25.236 N     65.544 W,,,
10/16/2012 04:07:13     25.244 N     65.543 W,,,
10/16/2012 04:09:14     25.252 N     65.542 W,,,
10/16/2012 04:11:14     25.260 N     65.541 W,,,
10/16/2012 04:13:14     25.268 N     65.540 W,,,
10/16/2012 04:15:14     25.276 N     65.539 W,,,
10/16/2012 04:17:14     25.284 N     65.538 W,,,
10/16/2012 04:19:14     25.292 N     65.537 W,,,
10/16/2012 04:21:14     25.300 N     65.536 W,,,
10/16/2012 04:23:14     25.309 N     65.535 W,,,
10/16/2012 04:25:13     25.317 N     65.533 W,,,
10/16/2012 04:27:13     25.325 N     65.532 W,,,
10/16/2012 04:29:13     25.334 N     65.531 W,,,
10/16/2012 04:31:13     25.343 N     65.530 W,,,
10/16/2012 04:33:13     25.351 N     65.529 W,,,
10/16/2012 04:35:13     25.360 N     65.527 W,,,
10/16/2012 04:37:13     25.369 N     65.526 W,,,
10/16/2012 04:39:14     25.377 N     65.525 W,,,
10/16/2012 04:41:14     25.386 N     65.523 W,,,
10/16/2012 04:43:14     25.395 N     65.522 W,,,
10/16/2012 04:45:14     25.404 N     65.521 W,,,
10/16/2012 04:47:14     25.413 N     65.519 W,,,
10/16/2012 04:49:14     25.422 N     65.518 W,,,
10/16/2012 04:51:14     25.432 N     65.516 W,,,
10/16/2012 04:53:14     25.441 N     65.515 W,,,
10/16/2012 04:55:13     25.450 N     65.513 W,,,
10/16/2012 04:57:13     25.459 N     65.512 W,,,
10/16/2012 04:59:13     25.469 N     65.510 W,,,
10/16/2012 05:01:13     25.478 N     65.509 W,,,
10/16/2012 05:03:13     25.488 N     65.507 W,,,
10/16/2012 05:05:13     25.497 N     65.506 W,,,
10/16/2012 05:07:13     25.507 N     65.504 W,,,
10/16/2012 05:09:14     25.516 N     65.502 W,,,
10/16/2012 05:11:14     25.526 N     65.501 W,,,
10/16/2012 05:13:14     25.536 N     65.499 W,,,
10/16/2012 05:15:14     25.545 N     65.497 W,,,
10/16/2012 05:17:14     25.555 N     65.495 W,,,
10/16/2012 05:19:14     25.565 N     65.494 W,,,
10/16/2012 05:21:14     25.575 N     65.492 W,,,
10/16/2012 05:23:14     25.585 N     65.490 W,,,
10/16/2012 05:25:13     25.595 N     65.488 W,,,
10/16/2012 05:27:13     25.605 N     65.486 W,,,
10/16/2012 05:29:13     25.615 N     65.484 W,,,
10/16/2012 05:31:13     25.625 N     65.482 W,,,
10/16/2012 05:33:13     25.635 N     65.481 W,,,
10/16/2012 05:35:13     25.646 N     65.479 W,,,
10/16/2012 05:37:13     25.656 N     65.477 W,,,
10/16/2012 05:39:14     25.666 N     65.475 W,,,
10/16/2012 05:41:14     25.676 N     65.473 W,,,
10/16/2012 05:43:14     25.687 N     65.471 W,,,
10/16/2012 05:45:14     25.697 N     65.469 W,,,
10/16/2012 05:47:14     25.708 N     65.467 W,,,
10/16/2012 05:49:14     25.718 N     65.464 W,,,
10/16/2012 05:51:14     25.729 N     65.462 W,,,
10/16/2012 05:53:14     25.739 N     65.460 W,,,
10/16/2012 05:55:13     25.750 N     65.458 W,,,
10/16/2012 05:57:13     25.760 N     65.456 W,,,
10/16/2012 05:59:13     25.771 N     65.454 W,,,
10/16/2012 06:01:13     25.782 N     65.452 W,,,
10/16/2012 06:03:13     25.792 N     65.449 W,,,
10/16/2012 06:05:13     25.803 N     65.447 W,,,
10/16/2012 06:07:13     25.814 N     65.445 W,,,
10/16/2012 06:09:14     25.825 N     65.443 W,,,
10/16/2012 06:11:14     25.835 N     65.440 W,,,
10/16/2012 06:13:14     25.846 N     65.438 W,,,
10/16/2012 06:15:14     25.857 N     65.436 W,,,
10/16/2012 06:17:14     25.868 N     65.433 W,,,
10/16/2012 06:19:14     25.879 N     65.431 W,,,
10/16/2012 06:21:14     25.890 N     65.429 W,,,
10/16/2012 06:23:14     25.901 N     65.426 W,,,
10/16/2012 06:25:13     25.912 N     65.424 W,,,
10/16/2012 06:27:13     25.923 N     65.422 W,,,
10/16/2012 06:29:13     25.934 N     65.419 W,,,
10/16/2012 06:31:13     25.945 N     65.417 W,,,
10/16/2012 06:33:13     25.956 N     65.414 W,,,
10/16/2012 06:35:13     25.967 N     65.412 W,,,
10/16/2012 06:37:13     25.978 N     65.409 W,,,
10/16/2012 06:39:14     25.990 N     65.407 W,,,
10/16/2012 06:41:14     26.001 N     65.404 W,,,
10/16/2012 06:43:14     26.012 N     65.402 W,,,
10/16/2012 06:45:14     26.023 N     65.399 W,,,
10/16/2012 06:47:14     26.034 N     65.397 W,,,
10/16/2012 06:49:14     26.046 N     65.394 W,,,
10/16/2012 06:51:14     26.057 N     65.391 W,,,
10/16/2012 06:53:14     26.068 N     65.389 W,,,
10/16/2012 06:55:13     26.079 N     65.386 W,,,
10/16/2012 06:57:13     26.091 N     65.384 W,,,
10/16/2012 06:59:13     26.102 N     65.381 W,,,
10/16/2012 07:01:13     26.113 N     65.378 W,,,
10/16/2012 07:03:13     26.125 N     65.376 W,,,
10/16/2012 07:05:13     26.136 N     65.373 W,,,
10/16/2012 07:07:13     26.147 N     65.370 W,,,
10/16/2012 07:09:14     26.159 N     65.368 W,,,
10/16/2012 07:11:14     26.170 N     65.365 W,,,
10/16/2012 07:13:14     26.181 N     65.362 W,,,
10/16/2012 07:15:14     26.193 N     65.359 W,,,
10/16/2012 07:17:14     26.204 N     65.357 W,,,
10/16/2012 07:19:14     26.216 N     65.354 W,,,
10/16/2012 07:21:14     26.227 N     65.351 W,,,
10/16/2012 07:23:14     26.238 N     65.348 W,,,
10/16/2012 07:25:13     26.250 N     65.346 W,,,
10/16/2012 07:27:13     26.261 N     65.343 W,,,
10/16/2012 07:29:13     26.273 N     65.340 W,,,
10/16/2012 07:31:13     26.284 N     65.337 W,,,
10/16/2012 07:33:13     26.296 N     65.334 W,,,
10/16/2012 07:35:13     26.307 N     65.331 W,,,
10/16/2012 07:37:13     26.318 N     65.329 W,,,
10/16/2012 07:39:14     26.330 N     65.326 W,,,
10/16/2012 07:41:14     26.341 N     65.323 W,,,
10/16/2012 07:43:14     26.353 N     65.320 W,,,
10/16/2012 07:45:14     26.364 N     65.317 W,,,
10/16/2012 07:47:14     26.375 N     65.314 W,,,
10/16/2012 07:49:14     26.387 N     65.311 W,,,
10/16/2012 07:51:14     26.398 N     65.308 W,,,
10/16/2012 07:53:14     26.410 N     65.305 W,,,
10/16/2012 07:55:13     26.421 N     65.302 W,,,
10/16/2012 07:57:13     26.432 N     65.299 W,,,
10/16/2012 07:59:13     26.444 N     65.297 W,,,
10/16/2012 08:01:13     26.455 N     65.294 W,,,
10/16/2012 08:03:13     26.467 N     65.291 W,,,
10/16/2012 08:05:13     26.478 N     65.288 W,,,
10/16/2012 08:07:13     26.489 N     65.285 W,,,
10/16/2012 08:09:14     26.501 N     65.282 W,,,
10/16/2012 08:11:14     26.512 N     65.279 W,,,
10/16/2012 08:13:14     26.523 N     65.276 W,,,
10/16/2012 08:15:14     26.535 N     65.273 W,,,
10/16/2012 08:17:14     26.546 N     65.270 W,,,
10/16/2012 08:19:14     26.557 N     65.267 W,,,
10/16/2012 08:21:14     26.568 N     65.264 W,,,
10/16/2012 08:23:14     26.580 N     65.260 W,,,
10/16/2012 08:25:13     26.591 N     65.257 W,,,
10/16/2012 08:27:13     26.602 N     65.254 W,,,
10/16/2012 08:29:13     26.613 N     65.251 W,,,
10/16/2012 08:31:13     26.624 N     65.248 W,,,
10/16/2012 08:33:13     26.635 N     65.245 W,,,
10/16/2012 08:35:13     26.647 N     65.242 W,,,
10/16/2012 08:37:13     26.658 N     65.239 W,,,
10/16/2012 08:39:14     26.669 N     65.236 W,,,
10/16/2012 08:41:14     26.680 N     65.233 W,,,
10/16/2012 08:43:14     26.691 N     65.230 W,,,
10/16/2012 08:45:14     26.702 N     65.227 W,,,
10/16/2012 08:47:14     26.713 N     65.224 W,,,
10/16/2012 08:49:14     26.724 N     65.221 W,,,
10/16/2012 08:51:14     26.735 N     65.217 W,,,
10/16/2012 08:53:14     26.746 N     65.214 W,,,
10/16/2012 08:55:13     26.757 N     65.211 W,,,
10/16/2012 08:57:13     26.768 N     65.208 W,,,
10/16/2012 08:59:13     26.778 N     65.205 W,,,
10/16/2012 09:01:13     26.789 N     65.202 W,,,
10/16/2012 09:03:13     26.800 N     65.199 W,,,
10/16/2012 09:05:13     26.811 N     65.196 W,,,
10/16/2012 09:07:13     26.822 N     65.192 W,,,
10/16/2012 09:09:14     26.832 N     65.189 W,,,
10/16/2012 09:11:14     26.843 N     65.186 W,,,
10/16/2012 09:13:14     26.854 N     65.183 W,,,
10/16/2012 09:15:14     26.864 N     65.180 W,,,
10/16/2012 09:17:14     26.875 N     65.177 W,,,
10/16/2012 09:19:14     26.885 N     65.174 W,,,
10/16/2012 09:21:14     26.896 N     65.171 W,,,
10/16/2012 09:23:14     26.906 N     65.167 W,,,
10/16/2012 09:25:13     26.917 N     65.164 W,,,
10/16/2012 09:27:13     26.927 N     65.161 W,,,
10/16/2012 09:29:13     26.938 N     65.158 W,,,
10/16/2012 09:31:13     26.948 N     65.155 W,,,
10/16/2012 09:33:13     26.958 N     65.152 W,,,
10/16/2012 09:35:13     26.969 N     65.148 W,,,
10/16/2012 09:37:13     26.979 N     65.145 W,,,
10/16/2012 09:39:14     26.989 N     65.142 W,,,
10/16/2012 09:41:14     27.000 N     65.139 W,,,
10/16/2012 09:43:14     27.010 N     65.136 W,,,
10/16/2012 09:45:14     27.020 N     65.133 W,,,
10/16/2012 09:47:14     27.030 N     65.129 W,,,
10/16/2012 09:49:14     27.040 N     65.126 W,,,
10/16/2012 09:51:14     27.051 N     65.123 W,,,
10/16/2012 09:53:14     27.061 N     65.120 W,,,
10/16/2012 09:55:13     27.071 N     65.117 W,,,
10/16/2012 09:57:13     27.081 N     65.114 W,,,
10/16/2012 09:59:13     27.091 N     65.110 W,,,
10/16/2012 10:01:13     27.101 N     65.107 W,,,
10/16/2012 10:03:13     27.111 N     65.104 W,,,
10/16/2012 10:05:13     27.121 N     65.101 W,,,
10/16/2012 10:07:13     27.131 N     65.098 W,,,
10/16/2012 10:09:14     27.141 N     65.095 W,,,
10/16/2012 10:11:14     27.151 N     65.091 W,,,
10/16/2012 10:13:14     27.160 N     65.088 W,,,
10/16/2012 10:15:14     27.170 N     65.085 W,,,
10/16/2012 10:17:14     27.180 N     65.082 W,,,
10/16/2012 10:19:14     27.190 N     65.079 W,,,
10/16/2012 10:21:14     27.200 N     65.075 W,,,
10/16/2012 10:23:14     27.209 N     65.072 W,,,
10/16/2012 10:25:13     27.219 N     65.069 W,,,
10/16/2012 10:27:13     27.229 N     65.066 W,,,
10/16/2012 10:29:13     27.239 N     65.063 W,,,
10/16/2012 10:31:13     27.248 N     65.059 W,,,
10/16/2012 10:33:13     27.258 N     65.056 W,,,
10/16/2012 10:35:13     27.268 N     65.053 W,,,
10/16/2012 10:37:13     27.277 N     65.050 W,,,
10/16/2012 10:39:14     27.287 N     65.046 W,,,
10/16/2012 10:41:14     27.296 N     65.043 W,,,
10/16/2012 10:43:14     27.306 N     65.040 W,,,
10/16/2012 10:45:14     27.315 N     65.037 W,,,
10/16/2012 10:47:14     27.325 N     65.034 W,,,
10/16/2012 10:49:14     27.334 N     65.030 W,,,
10/16/2012 10:51:14     27.344 N     65.027 W,,,
10/16/2012 10:53:14     27.353 N     65.024 W,,,
10/16/2012 10:55:13     27.363 N     65.021 W,,,
10/16/2012 10:57:13     27.372 N     65.017 W,,,
10/16/2012 10:59:13     27.382 N     65.014 W,,,
10/16/2012 11:01:13     27.391 N     65.011 W,,,
10/16/2012 11:03:13     27.400 N     65.008 W,,,
10/16/2012 11:05:13     27.410 N     65.005 W,,,
10/16/2012 11:07:13     27.419 N     65.001 W,,,
10/16/2012 11:09:14     27.428 N     64.998 W,,,
10/16/2012 11:11:14     27.438 N     64.995 W,,,
10/16/2012 11:13:14     27.447 N     64.992 W,,,
10/16/2012 11:15:14     27.456 N     64.988 W,,,
10/16/2012 11:17:14     27.466 N     64.985 W,,,
10/16/2012 11:19:14     27.475 N     64.982 W,,,
10/16/2012 11:21:14     27.484 N     64.979 W,,,
10/16/2012 11:23:14     27.493 N     64.975 W,,,
10/16/2012 11:25:13     27.503 N     64.972 W,,,
10/16/2012 11:27:13     27.512 N     64.969 W,,,
10/16/2012 11:29:13     27.521 N     64.966 W,,,
10/16/2012 11:31:13     27.530 N     64.962 W,,,
10/16/2012 11:33:13     27.539 N     64.959 W,,,
10/16/2012 11:35:13     27.548 N     64.956 W,,,
10/16/2012 11:37:13     27.557 N     64.953 W,,,
10/16/2012 11:39:14     27.567 N     64.949 W,,,
10/16/2012 11:41:14     27.576 N     64.946 W,,,
10/16/2012 11:43:14     27.585 N     64.943 W,,,
10/16/2012 11:45:14     27.594 N     64.940 W,,,
10/16/2012 11:47:14     27.603 N     64.936 W,,,
10/16/2012 11:49:14     27.612 N     64.933 W,,,
10/16/2012 11:51:14     27.621 N     64.930 W,,,
10/16/2012 11:53:14     27.630 N     64.927 W,,,
10/16/2012 11:55:13     27.639 N     64.923 W,,,
10/16/2012 11:57:13     27.648 N     64.920 W,,,
10/16/2012 11:59:13     27.657 N     64.917 W,,,
10/16/2012 12:01:13     27.666 N     64.914 W,,,
10/16/2012 12:02:48     27.673 N     64.911 W,,,
10/16/2012 12:04:48     27.680 N     64.907 W,,,
10/16/2012 12:06:48     27.688 N     64.903 W,,,
10/16/2012 12:08:48     27.695 N     64.900 W,,,
10/16/2012 12:10:48     27.703 N     64.896 W,,,
10/16/2012 12:12:48     27.710 N     64.892 W,,,
10/16/2012 12:14:49     27.718 N     64.889 W,,,
10/16/2012 12:16:49     27.725 N     64.885 W,,,
10/16/2012 12:18:49     27.733 N     64.881 W,,,
10/16/2012 12:20:49     27.741 N     64.878 W,,,
10/16/2012 12:22:49     27.749 N     64.874 W,,,
10/16/2012 12:24:49     27.757 N     64.870 W,,,
10/16/2012 12:26:49     27.765 N     64.867 W,,,
10/16/2012 12:28:49     27.773 N     64.863 W,,,
10/16/2012 12:30:48     27.782 N     64.860 W,,,
10/16/2012 12:32:48     27.790 N     64.856 W,,,
10/16/2012 12:34:48     27.798 N     64.853 W,,,
10/16/2012 12:36:48     27.807 N     64.850 W,,,
10/16/2012 12:38:48     27.815 N     64.846 W,,,
10/16/2012 12:40:48     27.824 N     64.843 W,,,
10/16/2012 12:42:48     27.832 N     64.840 W,,,
10/16/2012 12:44:49     27.841 N     64.836 W,,,
10/16/2012 12:46:49     27.850 N     64.833 W,,,
10/16/2012 12:48:49     27.858 N     64.830 W,,,
10/16/2012 12:50:49     27.867 N     64.826 W,,,
10/16/2012 12:52:49     27.876 N     64.823 W,,,
10/16/2012 12:54:49     27.885 N     64.820 W,,,
10/16/2012 12:56:49     27.894 N     64.817 W,,,
10/16/2012 12:58:49     27.903 N     64.814 W,,,
10/16/2012 13:00:48     27.912 N     64.810 W,,,
10/16/2012 13:02:48     27.921 N     64.807 W,,,
10/16/2012 13:04:48     27.931 N     64.804 W,,,
10/16/2012 13:06:48     27.940 N     64.801 W,,,
10/16/2012 13:08:48     27.949 N     64.798 W,,,
10/16/2012 13:10:48     27.959 N     64.795 W,,,
10/16/2012 13:12:48     27.968 N     64.792 W,,,
10/16/2012 13:14:49     27.977 N     64.789 W,,,
10/16/2012 13:16:49     27.987 N     64.786 W,,,
10/16/2012 13:18:49     27.997 N     64.783 W,,,
10/16/2012 13:20:49     28.006 N     64.780 W,,,
10/16/2012 13:22:49     28.016 N     64.777 W,,,
10/16/2012 13:24:49     28.026 N     64.774 W,,,
10/16/2012 13:26:49     28.035 N     64.771 W,,,
10/16/2012 13:28:49     28.045 N     64.768 W,,,
10/16/2012 13:30:48     28.055 N     64.765 W,,,
10/16/2012 13:32:48     28.065 N     64.762 W,,,
10/16/2012 13:34:48     28.075 N     64.759 W,,,
10/16/2012 13:36:48     28.085 N     64.756 W,,,
10/16/2012 13:38:48     28.095 N     64.754 W,,,
10/16/2012 13:39:15     28.097 N     64.753 W,,,
10/16/2012 13:41:15     28.107 N     64.750 W,,,
10/16/2012 13:43:15     28.116 N     64.747 W,,,
10/16/2012 13:45:16     28.126 N     64.744 W,,,
10/16/2012 13:47:16     28.136 N     64.741 W,,,
10/16/2012 13:49:16     28.146 N     64.738 W,,,
10/16/2012 13:51:16     28.156 N     64.736 W,,,
10/16/2012 13:53:16     28.166 N     64.733 W,,,
10/16/2012 13:55:16     28.176 N     64.730 W,,,
10/16/2012 13:57:16     28.187 N     64.727 W,,,
10/16/2012 13:59:15     28.197 N     64.724 W,,,
10/16/2012 14:01:15     28.207 N     64.722 W,,,
10/16/2012 14:03:15     28.217 N     64.719 W,,,
10/16/2012 14:05:15     28.228 N     64.716 W,,,
10/16/2012 14:07:15     28.238 N     64.713 W,,,
10/16/2012 14:09:15     28.248 N     64.711 W,,,
10/16/2012 14:11:15     28.259 N     64.708 W,,,
10/16/2012 14:13:15     28.269 N     64.705 W,,,
10/16/2012 14:15:16     28.280 N     64.703 W,,,
10/16/2012 14:17:16     28.291 N     64.700 W,,,
10/16/2012 14:19:16     28.301 N     64.698 W,,,
10/16/2012 14:21:16     28.312 N     64.695 W,,,
10/16/2012 14:23:16     28.322 N     64.692 W,,,
10/16/2012 14:25:16     28.333 N     64.690 W,,,
10/16/2012 14:27:16     28.344 N     64.687 W,,,
10/16/2012 14:29:15     28.355 N     64.685 W,,,
10/16/2012 14:31:15     28.365 N     64.682 W,,,
10/16/2012 14:33:15     28.376 N     64.679 W,,,
10/16/2012 14:35:15     28.387 N     64.677 W,,,
10/16/2012 14:37:15     28.398 N     64.674 W,,,
10/16/2012 14:39:15     28.409 N     64.672 W,,,
10/16/2012 14:41:15     28.420 N     64.669 W,,,
10/16/2012 14:43:15     28.431 N     64.667 W,,,
10/16/2012 14:45:16     28.442 N     64.664 W,,,
10/16/2012 14:47:16     28.453 N     64.662 W,,,
10/16/2012 14:49:16     28.464 N     64.659 W,,,
10/16/2012 14:51:16     28.475 N     64.657 W,,,
10/16/2012 14:53:16     28.486 N     64.654 W,,,
10/16/2012 14:55:16     28.497 N     64.652 W,,,
10/16/2012 14:57:16     28.508 N     64.649 W,,,
10/16/2012 14:59:15     28.519 N     64.647 W,,,
10/16/2012 15:01:15     28.530 N     64.644 W,,,
10/16/2012 15:03:15     28.541 N     64.642 W,,,
10/16/2012 15:05:15     28.552 N     64.639 W,,,
10/16/2012 15:07:15     28.563 N     64.637 W,,,
10/16/2012 15:09:15     28.574 N     64.634 W,,,
10/16/2012 15:09:29     28.575 N     64.634 W,,,
10/16/2012 15:11:29     28.586 N     64.631 W,,,
10/16/2012 15:13:29     28.596 N     64.629 W,,,
10/16/2012 15:15:29     28.607 N     64.626 W,,,
10/16/2012 15:17:29     28.618 N     64.624 W,,,
10/16/2012 15:19:29     28.628 N     64.621 W,,,
10/16/2012 15:21:29     28.639 N     64.618 W,,,
10/16/2012 15:23:30     28.650 N     64.616 W,,,
10/16/2012 15:25:30     28.660 N     64.613 W,,,
10/16/2012 15:27:30     28.671 N     64.611 W,,,
10/16/2012 15:29:30     28.682 N     64.608 W,,,
10/16/2012 15:31:30     28.693 N     64.605 W,,,
10/16/2012 15:33:30     28.703 N     64.603 W,,,
10/16/2012 15:35:30     28.714 N     64.600 W,,,
10/16/2012 15:37:30     28.725 N     64.597 W,,,
10/16/2012 15:39:29     28.735 N     64.595 W,,,
10/16/2012 15:41:29     28.746 N     64.592 W,,,
10/16/2012 15:43:29     28.757 N     64.590 W,,,
10/16/2012 15:45:29     28.768 N     64.587 W,,,
10/16/2012 15:47:29     28.778 N     64.585 W,,,
10/16/2012 15:49:29     28.789 N     64.582 W,,,
10/16/2012 15:51:29     28.800 N     64.579 W,,,
10/16/2012 15:53:30     28.811 N     64.577 W,,,
10/16/2012 15:55:30     28.821 N     64.574 W,,,
10/16/2012 15:57:30     28.832 N     64.572 W,,,
10/16/2012 15:59:30     28.843 N     64.569 W,,,
10/16/2012 16:01:30     28.854 N     64.566 W,,,
10/16/2012 16:03:30     28.865 N     64.564 W,,,
10/16/2012 16:05:30     28.875 N     64.561 W,,,
10/16/2012 16:07:30     28.886 N     64.559 W,,,
10/16/2012 16:09:29     28.897 N     64.556 W,,,
10/16/2012 16:11:29     28.908 N     64.554 W,,,
10/16/2012 16:13:29     28.919 N     64.551 W,,,
10/16/2012 16:15:29     28.929 N     64.549 W,,,
10/16/2012 16:17:29     28.940 N     64.546 W,,,
10/16/2012 16:19:29     28.951 N     64.543 W,,,
10/16/2012 16:21:29     28.962 N     64.541 W,,,
10/16/2012 16:23:30     28.973 N     64.538 W,,,
10/16/2012 16:25:30     28.984 N     64.536 W,,,
10/16/2012 16:27:30     28.995 N     64.533 W,,,
10/16/2012 16:29:30     29.006 N     64.531 W,,,
10/16/2012 16:31:30     29.016 N     64.528 W,,,
10/16/2012 16:33:30     29.027 N     64.526 W,,,
10/16/2012 16:35:30     29.038 N     64.523 W,,,
10/16/2012 16:37:30     29.049 N     64.521 W,,,
10/16/2012 16:39:29     29.060 N     64.518 W,,,
10/16/2012 16:41:29     29.071 N     64.515 W,,,
10/16/2012 16:43:29     29.082 N     64.513 W,,,
10/16/2012 16:45:29     29.093 N     64.510 W,,,
10/16/2012 16:47:29     29.104 N     64.508 W,,,
10/16/2012 16:49:29     29.115 N     64.505 W,,,
10/16/2012 16:51:29     29.126 N     64.503 W,,,
10/16/2012 16:53:30     29.137 N     64.500 W,,,
10/16/2012 16:55:30     29.148 N     64.497 W,,,
10/16/2012 16:57:30     29.159 N     64.495 W,,,
10/16/2012 16:59:30     29.170 N     64.492 W,,,
10/16/2012 17:01:30     29.181 N     64.489 W,,,
10/16/2012 17:03:20     29.191 N     64.487 W,,,
10/16/2012 17:05:20     29.202 N     64.484 W,,,
10/16/2012 17:07:20     29.213 N     64.481 W,,,
10/16/2012 17:09:20     29.224 N     64.478 W,,,
10/16/2012 17:11:20     29.235 N     64.475 W,,,
10/16/2012 17:13:21     29.246 N     64.472 W,,,
10/16/2012 17:15:21     29.257 N     64.468 W,,,
10/16/2012 17:17:21     29.268 N     64.465 W,,,
10/16/2012 17:19:21     29.279 N     64.462 W,,,
10/16/2012 17:21:21     29.290 N     64.459 W,,,
10/16/2012 17:23:21     29.301 N     64.456 W,,,
10/16/2012 17:25:21     29.312 N     64.452 W,,,
10/16/2012 17:27:21     29.323 N     64.449 W,,,
10/16/2012 17:29:20     29.334 N     64.446 W,,,
10/16/2012 17:31:20     29.346 N     64.442 W,,,
10/16/2012 17:33:20     29.357 N     64.439 W,,,
10/16/2012 17:35:20     29.368 N     64.435 W,,,
10/16/2012 17:37:20     29.379 N     64.432 W,,,
10/16/2012 17:39:20     29.390 N     64.429 W,,,
10/16/2012 17:41:20     29.401 N     64.425 W,,,
10/16/2012 17:43:21     29.412 N     64.421 W,,,
10/16/2012 17:45:21     29.424 N     64.418 W,,,
10/16/2012 17:47:21     29.435 N     64.414 W,,,
10/16/2012 17:49:21     29.446 N     64.411 W,,,
10/16/2012 17:51:21     29.457 N     64.407 W,,,
10/16/2012 17:53:21     29.468 N     64.403 W,,,
10/16/2012 17:55:21     29.480 N     64.400 W,,,
10/16/2012 17:57:21     29.491 N     64.396 W,,,
10/16/2012 17:59:20     29.502 N     64.392 W,,,
10/16/2012 18:01:20     29.513 N     64.388 W,,,
10/16/2012 18:03:20     29.525 N     64.384 W,,,
10/16/2012 18:05:20     29.536 N     64.380 W,,,
10/16/2012 18:07:20     29.547 N     64.376 W,,,
10/16/2012 18:09:20     29.559 N     64.372 W,,,
10/16/2012 18:11:20     29.570 N     64.368 W,,,
10/16/2012 18:13:21     29.581 N     64.364 W,,,
10/16/2012 18:15:21     29.593 N     64.360 W,,,
10/16/2012 18:17:21     29.604 N     64.356 W,,,
10/16/2012 18:19:21     29.615 N     64.352 W,,,
10/16/2012 18:21:21     29.627 N     64.348 W,,,
10/16/2012 18:23:21     29.638 N     64.344 W,,,
10/16/2012 18:25:21     29.649 N     64.339 W,,,
10/16/2012 18:27:21     29.661 N     64.335 W,,,
10/16/2012 18:29:20     29.672 N     64.331 W,,,
10/16/2012 18:31:20     29.684 N     64.326 W,,,
10/16/2012 18:33:20     29.695 N     64.322 W,,,
10/16/2012 18:35:20     29.706 N     64.317 W,,,
10/16/2012 18:37:20     29.718 N     64.313 W,,,
10/16/2012 18:39:20     29.729 N     64.308 W,,,
10/16/2012 18:41:20     29.741 N     64.304 W,,,
10/16/2012 18:43:21     29.752 N     64.299 W,,,
10/16/2012 18:45:21     29.764 N     64.294 W,,,
10/16/2012 18:47:21     29.775 N     64.289 W,,,
10/16/2012 18:49:21     29.786 N     64.285 W,,,
10/16/2012 18:51:21     29.798 N     64.280 W,,,
10/16/2012 18:53:21     29.809 N     64.275 W,,,
10/16/2012 18:55:21     29.821 N     64.270 W,,,
10/16/2012 18:57:21     29.832 N     64.265 W,,,
10/16/2012 18:59:20     29.844 N     64.260 W,,,
10/16/2012 19:01:20     29.855 N     64.255 W,,,
10/16/2012 19:03:20     29.867 N     64.250 W,,,
10/16/2012 19:05:20     29.878 N     64.245 W,,,
10/16/2012 19:07:20     29.890 N     64.240 W,,,
10/16/2012 19:09:20     29.901 N     64.234 W,,,
10/16/2012 19:11:20     29.912 N     64.229 W,,,
10/16/2012 19:13:21     29.924 N     64.224 W,,,
10/16/2012 19:15:21     29.935 N     64.218 W,,,
10/16/2012 19:17:21     29.947 N     64.213 W,,,
10/16/2012 19:19:21     29.958 N     64.207 W,,,
10/16/2012 19:21:21     29.970 N     64.202 W,,,
10/16/2012 19:23:21     29.981 N     64.196 W,,,
10/16/2012 19:25:21     29.993 N     64.191 W,,,
10/16/2012 19:27:21     30.004 N     64.185 W,,,
10/16/2012 19:29:20     30.016 N     64.179 W,,,
10/16/2012 19:31:20     30.027 N     64.173 W,,,
10/16/2012 19:33:20     30.039 N     64.168 W,,,
10/16/2012 19:35:20     30.050 N     64.162 W,,,
10/16/2012 19:37:20     30.061 N     64.156 W,,,
10/16/2012 19:39:20     30.073 N     64.150 W,,,
10/16/2012 19:41:20     30.084 N     64.144 W,,,
10/16/2012 19:43:21     30.096 N     64.137 W,,,
10/16/2012 19:45:21     30.107 N     64.131 W,,,
10/16/2012 19:47:21     30.119 N     64.125 W,,,
10/16/2012 19:49:21     30.130 N     64.119 W,,,
10/16/2012 19:51:21     30.141 N     64.112 W,,,
10/16/2012 19:53:21     30.153 N     64.106 W,,,
10/16/2012 19:55:21     30.164 N     64.100 W,,,
10/16/2012 19:57:21     30.176 N     64.093 W,,,
10/16/2012 19:59:20     30.187 N     64.087 W,,,
10/16/2012 20:01:20     30.198 N     64.080 W,,,
10/16/2012 20:03:20     30.210 N     64.073 W,,,
10/16/2012 20:05:20     30.221 N     64.066 W,,,
10/16/2012 20:07:20     30.233 N     64.060 W,,,
10/16/2012 20:09:20     30.244 N     64.053 W,,,
10/16/2012 20:11:20     30.255 N     64.046 W,,,
10/16/2012 20:13:21     30.267 N     64.039 W,,,
10/16/2012 20:15:21     30.278 N     64.032 W,,,
10/16/2012 20:17:21     30.289 N     64.025 W,,,
10/16/2012 20:19:21     30.301 N     64.018 W,,,
10/16/2012 20:21:21     30.312 N     64.010 W,,,
10/16/2012 20:23:21     30.323 N     64.003 W,,,
10/16/2012 20:25:21     30.334 N     63.996 W,,,
10/16/2012 20:27:21     30.346 N     63.988 W,,,
10/16/2012 20:29:20     30.357 N     63.981 W,,,
10/16/2012 20:31:20     30.368 N     63.973 W,,,
10/16/2012 20:33:20     30.379 N     63.966 W,,,
10/16/2012 20:35:20     30.391 N     63.958 W,,,
10/16/2012 20:37:20     30.402 N     63.950 W,,,
10/16/2012 20:39:20     30.413 N     63.942 W,,,
10/16/2012 20:41:20     30.424 N     63.934 W,,,
10/16/2012 20:43:21     30.435 N     63.927 W,,,
10/16/2012 20:45:21     30.447 N     63.919 W,,,
10/16/2012 20:47:21     30.458 N     63.910 W,,,
10/16/2012 20:49:21     30.469 N     63.902 W,,,
10/16/2012 20:51:21     30.480 N     63.894 W,,,
10/16/2012 20:53:21     30.491 N     63.886 W,,,
10/16/2012 20:55:21     30.502 N     63.878 W,,,
10/16/2012 20:57:21     30.513 N     63.869 W,,,
10/16/2012 20:59:20     30.524 N     63.861 W,,,
10/16/2012 21:01:20     30.535 N     63.852 W,,,
10/16/2012 21:03:20     30.546 N     63.844 W,,,
10/16/2012 21:05:20     30.557 N     63.835 W,,,
10/16/2012 21:07:20     30.568 N     63.826 W,,,
10/16/2012 21:09:20     30.579 N     63.818 W,,,
10/16/2012 21:11:20     30.590 N     63.809 W,,,
10/16/2012 21:13:21     30.601 N     63.800 W,,,
10/16/2012 21:15:21     30.612 N     63.791 W,,,
10/16/2012 21:17:21     30.623 N     63.782 W,,,
10/16/2012 21:19:21     30.634 N     63.773 W,,,
10/16/2012 21:21:21     30.645 N     63.764 W,,,
10/16/2012 21:23:21     30.656 N     63.755 W,,,
10/16/2012 21:25:21     30.667 N     63.746 W,,,
10/16/2012 21:27:21     30.678 N     63.737 W,,,
10/16/2012 21:29:20     30.689 N     63.728 W,,,
10/16/2012 21:31:20     30.700 N     63.719 W,,,
10/16/2012 21:33:20     30.711 N     63.709 W,,,
10/16/2012 21:35:20     30.722 N     63.700 W,,,
10/16/2012 21:37:20     30.733 N     63.691 W,,,
10/16/2012 21:39:20     30.743 N     63.681 W,,,
10/16/2012 21:41:20     30.754 N     63.672 W,,,
10/16/2012 21:43:21     30.765 N     63.662 W,,,
10/16/2012 21:45:21     30.776 N     63.653 W,,,
10/16/2012 21:47:21     30.787 N     63.643 W,,,
10/16/2012 21:49:21     30.798 N     63.633 W,,,
10/16/2012 21:51:21     30.809 N     63.624 W,,,
10/16/2012 21:53:21     30.819 N     63.614 W,,,
10/16/2012 21:55:21     30.830 N     63.604 W,,,
10/16/2012 21:57:21     30.841 N     63.594 W,,,
10/16/2012 21:59:20     30.852 N     63.585 W,,,
10/16/2012 22:00:41     30.859 N     63.578 W,,,
10/16/2012 22:02:41     30.867 N     63.561 W,,,
10/16/2012 22:04:41     30.874 N     63.545 W,,,
10/16/2012 22:06:41     30.882 N     63.529 W,,,
10/16/2012 22:08:40     30.890 N     63.514 W,,,
10/16/2012 22:10:40     30.899 N     63.498 W,,,
10/16/2012 22:12:40     30.907 N     63.484 W,,,
10/16/2012 22:14:40     30.916 N     63.469 W,,,
10/16/2012 22:16:40     30.925 N     63.455 W,,,
10/16/2012 22:18:40     30.934 N     63.441 W,,,
10/16/2012 22:20:40     30.943 N     63.428 W,,,
10/16/2012 22:22:40     30.952 N     63.415 W,,,
10/16/2012 22:24:41     30.962 N     63.402 W,,,
10/16/2012 22:26:41     30.971 N     63.390 W,,,
10/16/2012 22:28:41     30.981 N     63.378 W,,,
10/16/2012 22:30:41     30.991 N     63.366 W,,,
10/16/2012 22:32:41     31.001 N     63.355 W,,,
10/16/2012 22:34:41     31.012 N     63.343 W,,,
10/16/2012 22:36:41     31.022 N     63.333 W,,,
10/16/2012 22:38:40     31.033 N     63.322 W,,,
10/16/2012 22:40:40     31.043 N     63.312 W,,,
10/16/2012 22:42:40     31.054 N     63.302 W,,,
10/16/2012 22:44:40     31.065 N     63.292 W,,,
10/16/2012 22:46:40     31.076 N     63.283 W,,,
10/16/2012 22:48:40     31.088 N     63.274 W,,,
10/16/2012 22:50:40     31.099 N     63.265 W,,,
10/16/2012 22:52:40     31.111 N     63.256 W,,,
10/16/2012 22:54:41     31.122 N     63.248 W,,,
10/16/2012 22:56:41     31.134 N     63.239 W,,,
10/16/2012 22:58:41     31.146 N     63.231 W,,,
10/16/2012 23:00:41     31.158 N     63.224 W,,,
10/16/2012 23:02:41     31.170 N     63.216 W,,,
10/16/2012 23:04:41     31.182 N     63.209 W,,,
10/16/2012 23:06:41     31.194 N     63.202 W,,,
10/16/2012 23:08:40     31.207 N     63.195 W,,,
10/16/2012 23:10:40     31.219 N     63.189 W,,,
10/16/2012 23:12:40     31.232 N     63.182 W,,,
10/16/2012 23:14:40     31.245 N     63.176 W,,,
10/16/2012 23:16:40     31.258 N     63.170 W,,,
10/16/2012 23:18:40     31.270 N     63.164 W,,,
10/16/2012 23:20:40     31.283 N     63.158 W,,,
10/16/2012 23:22:40     31.297 N     63.153 W,,,
10/16/2012 23:23:40     31.303 N     63.150 W,,,
10/16/2012 23:25:40     31.321 N     63.147 W,,,
10/16/2012 23:27:40     31.338 N     63.143 W,,,
10/16/2012 23:29:40     31.356 N     63.140 W,,,
10/16/2012 23:31:40     31.373 N     63.137 W,,,
10/16/2012 23:33:40     31.390 N     63.134 W,,,
10/16/2012 23:35:39     31.407 N     63.131 W,,,
10/16/2012 23:37:39     31.424 N     63.128 W,,,
10/16/2012 23:39:39     31.441 N     63.124 W,,,
10/16/2012 23:41:39     31.457 N     63.121 W,,,
10/16/2012 23:43:39     31.473 N     63.118 W,,,
10/16/2012 23:45:39     31.488 N     63.115 W,,,
10/16/2012 23:47:39     31.503 N     63.111 W,,,
10/16/2012 23:49:39     31.518 N     63.108 W,,,
10/16/2012 23:51:40     31.532 N     63.104 W,,,
10/16/2012 23:53:40     31.546 N     63.100 W,,,
10/16/2012 23:55:40     31.559 N     63.096 W,,,
10/16/2012 23:57:40     31.572 N     63.092 W,,,
10/16/2012 23:59:40     31.584 N     63.088 W,,,
10/17/2012 00:01:40     31.596 N     63.084 W,,,
10/17/2012 00:03:40     31.608 N     63.079 W,,,
10/17/2012 00:05:39     31.619 N     63.075 W,,,
10/17/2012 00:07:39     31.631 N     63.070 W,,,
10/17/2012 00:09:39     31.641 N     63.066 W,,,
10/17/2012 00:11:39     31.652 N     63.061 W,,,
10/17/2012 00:13:39     31.662 N     63.056 W,,,
10/17/2012 00:15:39     31.672 N     63.051 W,,,
10/17/2012 00:17:39     31.682 N     63.046 W,,,
10/17/2012 00:19:39     31.692 N     63.041 W,,,
10/17/2012 00:19:41     31.692 N     63.041 W,,,
10/17/2012 00:21:41     31.701 N     63.036 W,,,
10/17/2012 00:23:40     31.710 N     63.031 W,,,
10/17/2012 00:25:40     31.719 N     63.025 W,,,
10/17/2012 00:27:40     31.727 N     63.020 W,,,
10/17/2012 00:29:40     31.736 N     63.015 W,,,
10/17/2012 00:31:40     31.745 N     63.010 W,,,
10/17/2012 00:33:40     31.754 N     63.004 W,,,
10/17/2012 00:35:40     31.763 N     62.999 W,,,
10/17/2012 00:37:40     31.772 N     62.994 W,,,
10/17/2012 00:39:41     31.781 N     62.989 W,,,
10/17/2012 00:41:41     31.790 N     62.983 W,,,
10/17/2012 00:43:41     31.800 N     62.978 W,,,
10/17/2012 00:45:41     31.809 N     62.972 W,,,
10/17/2012 00:47:41     31.818 N     62.967 W,,,
10/17/2012 00:49:41     31.827 N     62.962 W,,,
10/17/2012 00:51:41     31.837 N     62.956 W,,,
10/17/2012 00:53:40     31.846 N     62.951 W,,,
10/17/2012 00:55:40     31.855 N     62.945 W,,,
10/17/2012 00:57:40     31.865 N     62.940 W,,,
10/17/2012 00:59:40     31.874 N     62.934 W,,,
10/17/2012 01:01:40     31.884 N     62.929 W,,,
10/17/2012 01:03:40     31.893 N     62.923 W,,,
10/17/2012 01:05:40     31.903 N     62.917 W,,,
10/17/2012 01:07:40     31.912 N     62.912 W,,,
10/17/2012 01:09:41     31.922 N     62.906 W,,,
10/17/2012 01:11:41     31.932 N     62.900 W,,,
10/17/2012 01:13:41     31.942 N     62.895 W,,,
10/17/2012 01:15:41     31.951 N     62.889 W,,,
10/17/2012 01:17:41     31.961 N     62.883 W,,,
10/17/2012 01:19:41     31.971 N     62.877 W,,,
10/17/2012 01:21:41     31.981 N     62.871 W,,,
10/17/2012 01:23:40     31.991 N     62.866 W,,,
10/17/2012 01:25:40     32.001 N     62.860 W,,,
10/17/2012 01:27:40     32.011 N     62.854 W,,,
10/17/2012 01:29:40     32.022 N     62.848 W,,,
10/17/2012 01:31:40     32.032 N     62.842 W,,,
10/17/2012 01:33:40     32.042 N     62.836 W,,,
10/17/2012 01:35:40     32.053 N     62.830 W,,,
10/17/2012 01:37:40     32.063 N     62.824 W,,,
10/17/2012 01:39:41     32.074 N     62.817 W,,,
10/17/2012 01:41:41     32.084 N     62.811 W,,,
10/17/2012 01:43:41     32.095 N     62.805 W,,,
10/17/2012 01:45:41     32.105 N     62.799 W,,,
10/17/2012 01:47:41     32.116 N     62.793 W,,,
10/17/2012 01:49:41     32.127 N     62.786 W,,,
10/17/2012 01:51:41     32.138 N     62.780 W,,,
10/17/2012 01:53:40     32.149 N     62.774 W,,,
10/17/2012 01:55:40     32.160 N     62.767 W,,,
10/17/2012 01:57:40     32.171 N     62.761 W,,,
10/17/2012 01:59:40     32.182 N     62.754 W,,,
10/17/2012 02:01:40     32.193 N     62.748 W,,,
10/17/2012 02:03:40     32.204 N     62.741 W,,,
10/17/2012 02:05:40     32.216 N     62.734 W,,,
10/17/2012 02:07:40     32.227 N     62.728 W,,,
10/17/2012 02:09:41     32.239 N     62.721 W,,,
10/17/2012 02:11:41     32.250 N     62.714 W,,,
10/17/2012 02:13:41     32.262 N     62.707 W,,,
10/17/2012 02:15:41     32.274 N     62.701 W,,,
10/17/2012 02:17:41     32.286 N     62.694 W,,,
10/17/2012 02:19:41     32.297 N     62.687 W,,,
10/17/2012 02:21:41     32.309 N     62.680 W,,,
10/17/2012 02:23:40     32.321 N     62.673 W,,,
10/17/2012 02:25:40     32.334 N     62.666 W,,,
10/17/2012 02:27:40     32.346 N     62.659 W,,,
10/17/2012 02:29:40     32.358 N     62.652 W,,,
10/17/2012 02:31:40     32.370 N     62.644 W,,,
10/17/2012 02:33:40     32.383 N     62.637 W,,,
10/17/2012 02:35:40     32.395 N     62.630 W,,,
10/17/2012 02:37:40     32.408 N     62.622 W,,,
10/17/2012 02:39:41     32.421 N     62.615 W,,,
10/17/2012 02:41:41     32.434 N     62.608 W,,,
10/17/2012 02:43:41     32.446 N     62.600 W,,,
10/17/2012 02:45:41     32.459 N     62.592 W,,,
10/17/2012 02:47:41     32.473 N     62.585 W,,,
10/17/2012 02:49:41     32.486 N     62.577 W,,,
10/17/2012 02:51:41     32.499 N     62.570 W,,,
10/17/2012 02:53:40     32.512 N     62.562 W,,,
10/17/2012 02:55:40     32.526 N     62.554 W,,,
10/17/2012 02:57:40     32.539 N     62.546 W,,,
10/17/2012 02:59:40     32.553 N     62.538 W,,,
10/17/2012 03:01:40     32.566 N     62.530 W,,,
10/17/2012 03:03:40     32.580 N     62.522 W,,,
10/17/2012 03:05:40     32.594 N     62.514 W,,,
10/17/2012 03:07:40     32.608 N     62.506 W,,,
10/17/2012 03:09:41     32.622 N     62.498 W,,,
10/17/2012 03:11:41     32.636 N     62.490 W,,,
10/17/2012 03:13:41     32.650 N     62.482 W,,,
10/17/2012 03:15:41     32.664 N     62.474 W,,,
10/17/2012 03:17:41     32.678 N     62.465 W,,,
10/17/2012 03:19:41     32.693 N     62.457 W,,,
10/17/2012 03:21:41     32.707 N     62.449 W,,,
10/17/2012 03:23:40     32.722 N     62.440 W,,,
10/17/2012 03:25:40     32.736 N     62.432 W,,,
10/17/2012 03:27:40     32.751 N     62.423 W,,,
10/17/2012 03:29:40     32.766 N     62.415 W,,,
10/17/2012 03:31:40     32.780 N     62.406 W,,,
10/17/2012 03:33:40     32.795 N     62.398 W,,,
10/17/2012 03:35:40     32.810 N     62.389 W,,,
10/17/2012 03:37:40     32.825 N     62.380 W,,,
10/17/2012 03:39:41     32.840 N     62.372 W,,,
10/17/2012 03:41:41     32.855 N     62.363 W,,,
10/17/2012 03:43:41     32.870 N     62.354 W,,,
10/17/2012 03:45:41     32.886 N     62.345 W,,,
10/17/2012 03:47:41     32.901 N     62.336 W,,,
10/17/2012 03:49:41     32.916 N     62.327 W,,,
10/17/2012 03:51:41     32.931 N     62.319 W,,,
10/17/2012 03:53:40     32.947 N     62.310 W,,,
10/17/2012 03:55:40     32.962 N     62.301 W,,,
10/17/2012 03:57:40     32.978 N     62.292 W,,,
10/17/2012 03:59:40     32.994 N     62.283 W,,,
10/17/2012 04:01:40     33.009 N     62.273 W,,,
10/17/2012 04:03:40     33.025 N     62.264 W,,,
10/17/2012 04:05:40     33.041 N     62.255 W,,,
10/17/2012 04:07:40     33.057 N     62.246 W,,,
10/17/2012 04:09:41     33.073 N     62.237 W,,,
10/17/2012 04:11:41     33.088 N     62.228 W,,,
10/17/2012 04:13:41     33.104 N     62.218 W,,,
10/17/2012 04:15:41     33.120 N     62.209 W,,,
10/17/2012 04:17:41     33.137 N     62.200 W,,,
10/17/2012 04:19:41     33.153 N     62.190 W,,,
10/17/2012 04:21:41     33.169 N     62.181 W,,,
10/17/2012 04:23:40     33.185 N     62.172 W,,,
10/17/2012 04:25:40     33.201 N     62.162 W,,,
10/17/2012 04:27:40     33.218 N     62.153 W,,,
10/17/2012 04:29:40     33.234 N     62.143 W,,,
10/17/2012 04:31:40     33.250 N     62.134 W,,,
10/17/2012 04:33:40     33.267 N     62.124 W,,,
10/17/2012 04:35:40     33.283 N     62.115 W,,,
10/17/2012 04:37:40     33.300 N     62.105 W,,,
10/17/2012 04:39:41     33.316 N     62.096 W,,,
10/17/2012 04:41:41     33.333 N     62.086 W,,,
10/17/2012 04:43:41     33.349 N     62.077 W,,,
10/17/2012 04:45:41     33.366 N     62.067 W,,,
10/17/2012 04:47:41     33.383 N     62.057 W,,,
10/17/2012 04:49:41     33.399 N     62.048 W,,,
10/17/2012 04:51:41     33.416 N     62.038 W,,,
10/17/2012 04:53:40     33.433 N     62.028 W,,,
10/17/2012 04:55:40     33.450 N     62.018 W,,,
10/17/2012 04:57:40     33.466 N     62.009 W,,,
10/17/2012 04:59:40     33.483 N     61.999 W,,,
10/17/2012 05:01:40     33.500 N     61.989 W,,,
10/17/2012 05:03:40     33.517 N     61.979 W,,,
10/17/2012 05:05:40     33.534 N     61.970 W,,,
10/17/2012 05:07:40     33.551 N     61.960 W,,,
10/17/2012 05:09:41     33.568 N     61.950 W,,,
10/17/2012 05:11:41     33.585 N     61.940 W,,,
10/17/2012 05:13:41     33.602 N     61.930 W,,,
10/17/2012 05:15:41     33.619 N     61.920 W,,,
10/17/2012 05:17:41     33.636 N     61.911 W,,,
10/17/2012 05:19:41     33.653 N     61.901 W,,,
10/17/2012 05:21:41     33.670 N     61.891 W,,,
10/17/2012 05:23:40     33.687 N     61.881 W,,,
10/17/2012 05:25:40     33.704 N     61.871 W,,,
10/17/2012 05:27:40     33.722 N     61.861 W,,,
10/17/2012 05:29:40     33.739 N     61.851 W,,,
10/17/2012 05:31:40     33.756 N     61.841 W,,,
10/17/2012 05:33:40     33.773 N     61.831 W,,,
10/17/2012 05:35:40     33.790 N     61.821 W,,,
10/17/2012 05:37:40     33.807 N     61.811 W,,,
10/17/2012 05:39:41     33.825 N     61.801 W,,,
10/17/2012 05:41:41     33.842 N     61.791 W,,,
10/17/2012 05:43:41     33.859 N     61.781 W,,,
10/17/2012 05:45:41     33.876 N     61.771 W,,,
10/17/2012 05:47:41     33.894 N     61.762 W,,,
10/17/2012 05:49:41     33.911 N     61.752 W,,,
10/17/2012 05:51:41     33.928 N     61.742 W,,,
10/17/2012 05:53:40     33.945 N     61.732 W,,,
10/17/2012 05:55:40     33.963 N     61.722 W,,,
10/17/2012 05:57:40     33.980 N     61.712 W,,,
10/17/2012 05:59:40     33.997 N     61.702 W,,,
10/17/2012 05:59:40     33.997 N     61.702 W,,,
